836 906
927 686
460 170
1009 822
710 346
407 597
648 1009
950 306
945 332
489 93
676 158
95 19
169 948
114 938
898 769
776 847
922 682
340 365
551 797
778 487
678 52
107 303
251 161
352 70
633 942
16 919
630 480
264 33
99 205
121 924
794 927
694 19
17 500
224 226
76 926
779 23
199 636
69 172
39 569
901 475
84 93
1000 349
916 993
26 359
580 559
830 800
71 199
102 569
449 1017
95 749
564 103
294 113
693 686
739 286
233 867
68 64
730 288
776 673
111 340
611 838
692 867
666 295
317 472
786 327
822 630
39 686
490 935
654 594
56 671
656 148
642 779
220 886
826 876
148 122
101 232
859 304
410 843
891 568
668 893
611 258
50 165
889 785
165 879
918 705
154 884
756 730
682 564
212 5
519 333
154 477
78 975
1018 900
79 528
708 590
513 512
422 480
306 918
525 378
263 87
231 835
231 878
517 261
482 857
452 434
385 765
664 292
712 823
809 305
251 944
18 855
592 465
309 165
370 893
419 13
741 941
632 254
416 119
175 13
34 180
700 299
786 998
453 144
714 223
206 141
50 161
106 944
446 1012
620 503
545 971
859 318
732 784
383 845
508 1015
134 987
269 242
925 529
213 241
140 582
11 741
489 465
743 340
727 345
784 721
761 342
531 954
573 141
271 809
716 722
463 940
371 542
589 862
596 142
421 53
1011 618
347 28
218 84
723 906
802 177
322 159
661 53
864 898
504 513
32 796
483 238
851 179
939 306
406 740
148 418
246 1001
632 384
891 586
863 903
916 726
569 449
915 1008
26 388
747 251
902 396
27 239
981 544
163 859
390 565
831 818
824 794
441 577
194 757
150 806
918 185
858 602
110 407
687 706
896 535
761 902
386 814
191 551
771 166
166 698
735 184
425 945
220 589
886 12
569 149
1018 894
106 880
246 739
778 517
789 434
535 209
93 577
65 5
714 927
636 537
53 192
679 661
491 329
376 682
925 979
591 938
21 849
984 914
201 321
398 48
884 906
974 72
228 328
315 33
236 64
756 798
716 964
921 502
1022 646
830 599
949 510
884 822
943 1009
201 404
248 179
66 277
848 401
699 229
287 983
503 191
272 753
552 260
540 889
399 376
67 978
383 843
7 839
455 146
162 160
440 113
80 432
755 115
184 309
932 190
596 370
287 209
722 722
143 438
948 442
920 529
488 648
528 346
534 1017
600 546
739 839
313 877
516 417
385 358
846 1004
938 78
412 249
411 272
608 94
998 295
870 794
573 124
445 488
868 543
812 350
478 682
247 619
850 344
129 254
254 131
481 533
130 361
337 948
52 94
61 196
235 893
414 397
262 29
954 794
924 196
25 344
77 191
542 73
352 708
482 876
848 500
308 654
150 79
684 203
364 53
761 1008
957 49
134 738
929 296
304 1005
154 907
430 966
582 857
54 518
91 174
189 94
488 483
903 929
30 419
124 97
312 856
395 874
1015 743
762 1017
800 84
235 944
101 840
71 105
265 957
325 1021
294 641
225 900
468 218
863 235
921 588
186 960
511 816
975 483
56 154
150 82
524 203
885 707
662 212
667 693
204 475
491 236
833 333
121 883
558 100
918 503
792 90
165 458
363 858
585 953
663 843
177 20
377 558
750 523
576 947
913 966
317 28
761 205
644 895
548 704
891 474
248 706
550 591
765 283
484 145
909 26
455 653
907 901
167 272
198 329
994 611
912 402
500 852
239 833
297 230
244 586
636 157
943 456
261 458
258 882
973 289
103 327
240 167
216 863
633 708
704 861
441 676
173 148
812 40
766 486
191 438
567 736
371 26
458 708
802 655
421 606
402 486
949 850
346 673
1005 466
510 732
407 128
227 629
852 908
677 48
251 694
504 257
240 748
291 621
122 747
936 634
950 229
322 88
692 704
448 100
736 875
45 591
855 137
59 219
288 173
25 314
566 910
975 393
331 84
908 512
708 810
468 881
985 978
758 265
296 664
983 551
636 170
960 457
66 695
9 685
316 296
1013 534
747 79
915 640
958 728
678 627
449 5
560 30
3 14
34 58
730 905
291 875
1011 533
795 446
326 675
202 757
915 871
975 283
389 845
991 291
413 120
110 102
453 860
804 62
1003 704
999 629
870 185
969 385
794 534
735 155
252 173
170 230
101 300
223 502
546 1006
62 555
122 811
125 436
649 845
678 38
57 871
754 722
475 399
280 180
572 509
70 100
523 851
205 200
454 190
435 791
913 447
324 604
574 979
459 303
244 316
198 802
874 582
67 637
680 949
174 411
314 812
183 580
352 240
256 717
804 685
417 467
129 238
494 521
497 11
130 44
139 968
599 794
942 639
957 273
667 229
809 80
416 647
171 430
872 454
336 105
694 78
1010 165
334 817
531 162
241 459
654 786
738 458
696 198
269 961
597 334
550 766
47 634
11 711
279 393
836 681
195 187
93 427
288 59
667 250
252 676
349 641
519 380
483 45
258 34
696 89
221 282
595 988
449 224
871 714
823 468
471 102
716 905
700 610
534 218
851 3
286 532
321 386
758 435
537 992
185 923
671 232
13 674
370 313
225 374
17 855
959 739
286 854
338 341
942 766
519 834
126 927
581 481
576 746
41 240
657 564
324 851
724 1003
158 955
352 136
509 32
857 207
0 583
713 1002
77 525
329 955
163 7
53 107
419 993
752 901
176 714
975 718
814 79
232 262
344 1
301 989
443 400
746 340
660 202
890 660
316 772
462 599
695 111
349 177
89 506
182 585
802 369
556 971
971 249
937 377
822 713
591 282
751 912
196 925
1 594
847 273
260 914
903 734
996 465
872 997
916 738
236 988
958 441
140 389
403 239
101 976
544 0
733 935
786 557
562 952
647 228
517 1012
707 882
29 753
751 396
842 537
235 977
265 960
611 918
334 720
217 806
88 918
930 508
658 605
1010 24
419 505
364 113
109 309
523 60
783 910
878 799
48 355
138 839
295 71
108 282
919 956
985 682
549 27
219 28
276 371
834 158
711 983
917 952
901 971
399 554
647 518
448 743
82 1020
495 979
110 199
648 925
462 30
360 6
210 1002
790 465
841 723
480 945
498 217
714 161
347 921
980 510
943 345
870 626
258 677
223 15
692 758
961 406
372 318
795 660
553 157
255 87
343 867
235 827
64 267
819 214
950 254
26 632
1017 720
56 337
788 74
159 135
917 277
547 78
484 897
57 170
973 768
935 668
136 417
596 35
45 1021
199 179
454 276
761 997
74 317
689 458
635 881
276 735
743 852
668 329
192 667
432 426
496 692
579 41
202 158
221 268
908 162
829 472
974 960
134 654
100 920
330 261
981 885
951 473
726 976
838 212
313 924
107 276
134 612
495 963
306 827
598 602
16 772
772 67
949 84
163 478
434 961
656 176
728 388
222 292
605 126
586 124
147 699
207 10
120 286
576 605
433 205
618 380
311 970
889 54
686 71
1004 218
336 308
863 943
177 934
627 109
388 29
435 922
904 520
747 835
336 851
59 133
127 471
385 13
498 159
671 608
61 867
370 655
269 197
89 268
980 197
567 179
452 997
470 990
441 214
994 48
415 548
859 529
1009 997
390 971
84 429
324 891
642 402
93 84
591 1017
524 59
34 589
81 379
1021 673
83 814
937 613
579 10
62 20
452 568
931 324
321 516
573 966
14 491
856 171
153 660
159 317
662 764
722 1005
283 386
546 881
1016 821
382 279
592 126
960 727
849 184
85 432
676 34
128 229
243 46
299 1015
428 907
506 806
677 553
1019 28
236 194
133 876
506 789
191 115
128 488
938 566
98 827
49 803
938 15
436 549
539 244
645 136
673 367
940 612
488 18
381 11
675 138
376 240
657 583
1009 958
501 5
938 443
534 11
813 869
195 100
888 954
853 636
58 353
699 886
608 257
409 745
239 658
424 599
292 41
798 12
68 629
55 84
711 990
851 279
179 341
114 356
968 640
781 257
701 890
781 823
748 882
134 143
127 364
450 279
462 487
786 383
833 438
20 458
243 258
432 289
709 822
782 817
123 617
455 7
1019 437
998 158
378 775
551 172
0 61
951 635
214 663
937 378
507 979
914 464
21 649
688 144
908 113
133 340
773 758
428 236
108 645
174 697
741 77
875 290
171 797
919 426
381 181
860 80
746 40
354 716
72 974
587 93
893 639
754 773
864 552
447 4
445 650
730 566
51 497
0 609
894 634
292 520
89 958
213 161
932 51
35 756
415 919
829 572
377 653
121 591
745 521
446 102
22 110
771 199
661 663
264 166
911 184
419 449
928 352
807 124
415 981
510 218
830 250
994 744
444 312
656 906
497 980
823 249
213 596
891 549
736 282
447 406
815 947
337 738
439 793
997 160
51 478
970 124
521 986
300 798
911 487
687 844
149 415
560 136
14 848
407 80
605 601
463 726
830 261
238 142
965 812
293 428
202 799
507 59
738 320
208 729
898 1015
586 971
397 231
171 770
909 667
163 166
437 820
981 287
501 573
825 726
766 155
807 136
556 988
805 122
713 888
174 194
774 385
6 904
486 949
162 556
253 312
746 479
363 936
994 925
819 632
141 337
187 530
1014 95
332 616
753 152
477 862
556 617
29 328
168 602
573 149
86 157
901 915
798 449
182 454
248 168
196 342
497 843
16 976
1002 360
386 432
836 178
686 21
770 888
13 981
496 175
366 968
712 619
659 153
516 163
143 793
416 570
757 155
25 238
94 678
5 38
887 926
331 654
374 625
181 879
128 818
963 540
791 1015
966 186
949 619
162 884
900 163
750 1008
983 1018
290 277
340 444
344 191
757 856
549 155
641 858
710 19
351 57
13 318
674 780
484 849
144 932
930 22
365 878
334 21
448 824
873 182
240 923
782 365
730 739
121 760
310 126
135 476
888 1021
912 609
200 787
958 803
232 567
211 923
1 929
596 196
782 356
495 836
764 536
729 606
108 710
814 687
551 703
948 503
615 255
236 194
494 709
295 3
282 88
919 620
1011 480
784 153
292 964
395 514
672 145
872 252
878 893
690 152
380 919
1017 560
148 427
844 898
751 347
821 342
718 852
520 265
67 213
876 785
9 340
630 326
441 972
712 4
231 436
691 324
642 487
493 968
1006 1020
536 559
783 977
985 950
778 420
503 584
480 786
480 30
746 115
93 204
967 645
102 113
109 785
906 310
874 343
764 19
192 431
596 37
157 768
729 443
690 398
49 351
149 76
352 707
931 812
231 170
82 599
986 84
986 320
42 313
817 815
156 641
610 377
672 802
908 795
419 774
133 1007
939 650
976 756
105 884
770 594
757 884
508 1007
247 722
50 319
96 501
199 209
737 938
657 1016
367 455
598 612
642 758
400 755
396 219
279 862
207 527
350 76
887 771
491 189
678 382
311 940
121 937
34 595
592 98
786 17
985 247
729 999
631 459
901 978
225 312
235 688
804 697
862 986
153 847
568 948
721 575
238 155
873 725
187 861
230 697
533 655
910 360
770 500
174 826
925 959
814 102
37 537
206 87
283 724
571 834
596 883
595 674
314 312
226 538
256 305
564 566
743 906
579 416
51 712
230 60
133 765
53 500
232 993
805 879
494 7
356 984
714 242
835 659
475 948
706 945
472 175
261 943
81 483
720 101
572 757
164 83
427 734
552 48
24 435
768 301
291 956
509 292
267 477
896 304
964 93
90 745
678 624
828 500
997 122
435 351
1000 101
939 401
239 962
568 424
486 412
595 777
69 890
181 558
624 743
735 702
438 80
476 291
876 597
1001 234
274 998
997 599
1011 380
205 575
58 646
437 923
784 869
303 812
980 476
748 184
443 132
618 83
51 936
396 39
220 177
781 155
850 212
586 637
421 630
681 139
675 278
281 292
211 115
615 44
340 919
715 213
933 266
422 907
856 592
82 793
857 896
657 879
763 74
612 575
894 637
558 118
680 776
297 207
838 74
405 68
348 89
475 666
69 814
287 496
381 498
983 786
832 524
484 814
240 799
499 319
63 710
940 791
172 605
590 343
1003 886
386 98
557 250
133 384
939 687
252 142
860 954
920 403
946 883
366 879
685 108
60 738
593 899
213 409
411 108
906 597
955 129
858 662
737 784
337 780
463 260
730 128
737 752
3 707
851 907
965 641
127 53
460 780
601 859
306 550
680 963
772 924
604 36
243 429
146 565
723 309
963 1008
10 725
205 930
322 620
577 564
819 726
436 950
870 402
246 38
833 533
344 750
566 96
760 1012
534 879
346 493
948 380
148 16
942 873
336 827
135 585
492 128
83 306
578 437
761 113
257 950
24 137
467 75
438 824
869 32
199 886
956 957
759 924
317 395
65 466
1 528
727 315
710 851
948 541
957 164
925 795
429 272
356 15
667 978
318 11
895 630
666 178
869 423
576 87
238 736
734 587
261 120
25 344
546 388
762 723
638 1011
824 232
486 945
136 190
150 737
942 709
119 973
435 613
148 541
261 45
427 407
183 122
1023 1006
828 817
537 502
548 251
1019 719
993 475
898 950
828 137
427 360
601 66
295 52
707 861
151 954
703 584
348 6
399 905
692 256
620 811
493 792
987 70
422 723
294 110
323 96
538 78
775 931
293 260
681 115
203 451
378 742
832 910
314 701
89 421
46 501
138 409
742 533
571 358
105 898
648 378
942 503
539 790
273 510
775 682
199 819
289 791
94 310
942 378
884 218
483 53
818 954
125 232
164 245
286 633
722 931
252 607
343 962
548 423
73 151
660 955
503 346
685 703
200 892
461 142
259 51
448 6
370 872
497 645
748 970
833 955
277 801
747 413
360 466
308 911
796 992
160 334
211 886
33 801
485 987
332 352
53 918
576 751
175 261
767 265
984 370
254 118
783 916
466 164
294 87
301 600
604 834
954 488
980 964
93 576
420 869
162 107
104 274
965 595
708 752
787 631
82 584
764 546
440 453
526 426
44 693
901 183
207 56
346 669
935 218
690 410
586 959
253 777
280 164
260 386
484 435
353 244
77 930
877 93
953 577
381 184
168 341
49 579
697 858
289 362
736 237
925 574
794 334
411 141
829 931
194 134
961 320
281 87
597 896
285 368
922 975
319 827
945 164
646 970
588 945
1004 286
919 991
574 597
812 789
35 982
192 331
292 398
824 727
1020 396
555 684
370 75
959 172
504 653
616 797
985 652
1011 127
400 772
589 280
861 73
939 1004
581 939
127 247
408 122
386 679
891 30
115 778
749 33
132 518
654 239
239 740
217 262
39 1011
821 21
207 927
87 498
134 321
845 286
349 961
156 248
655 847
87 410
167 959
630 771
870 980
848 242
734 133
734 757
811 17
708 617
103 911
900 662
843 461
134 30
26 900
782 836
340 725
661 273
182 556
942 424
261 99
856 605
520 985
734 677
286 733
948 188
527 459
967 293
174 644
451 130
158 108
716 615
592 191
651 378
326 930
837 707
893 433
342 552
871 292
251 635
783 939
909 19
587 560
705 237
891 338
694 792
938 651
658 501
345 115
694 28
396 321
642 32
361 916
147 734
172 758
65 494
803 898
969 637
28 1006
936 197
353 209
969 357
155 547
608 144
355 885
79 799
902 498
1000 104
228 562
683 713
44 888
571 840
627 66
957 775
25 472
869 533
728 648
496 182
747 138
807 390
225 350
23 601
518 689
360 58
440 475
448 248
460 291
533 688
131 997
797 276
905 505
934 987
278 226
179 266
221 771
947 675
23 663
865 136
936 144
428 240
551 906
294 184
841 670
454 28
88 578
623 22
528 1010
708 608
698 190
692 155
671 149
11 806
964 942
411 328
518 664
949 808
331 491
753 850
135 751
947 424
845 508
471 661
868 53
222 257
134 994
566 28
787 567
900 992
26 644
28 286
41 1003
252 228
38 793
100 523
942 712
890 990
902 960
222 769
260 787
194 519
947 811
349 119
423 997
989 321
250 896
875 190
906 812
356 318
936 798
685 782
159 467
483 147
667 233
892 634
220 906
579 564
836 102
62 802
499 188
83 863
209 929
123 871
83 355
600 885
508 242
842 607
520 925
326 39
605 911
395 62
968 338
138 445
555 883
731 55
297 161
403 483
770 357
697 576
806 990
181 853
108 378
916 385
1010 954
831 38
471 822
856 505
54 94
965 199
719 738
861 36
29 818
952 137
939 238
632 557
952 221
698 224
602 811
230 116
591 182
1002 374
245 572
892 552
28 991
954 77
444 170
985 527
861 50
160 426
819 631
1005 379
774 266
129 152
157 529
943 510
22 951
460 191
784 370
855 470
34 14
625 644
367 821
440 75
95 616
44 185
857 379
197 118
644 785
352 717
126 404
368 147
865 593
842 29
72 772
826 652
968 350
944 53
240 750
65 490
99 821
78 334
545 811
269 318
842 785
740 803
77 525
690 441
657 146
317 106
214 221
8 509
595 982
46 154
967 178
958 220
280 798
788 844
265 928
610 373
107 153
116 585
412 53
789 920
552 942
802 289
44 373
127 151
800 479
232 810
1012 764
979 668
52 281
230 703
130 584
557 742
556 976
709 601
57 19
215 934
760 391
489 53
597 961
892 72
1000 386
676 186
275 758
493 960
43 968
697 356
64 914
700 760
374 546
868 332
104 925
871 653
919 892
677 214
609 168
197 771
859 668
508 397
390 633
85 505
64 397
460 656
25 847
305 213
808 766
178 476
696 108
747 154
1021 925
922 403
221 359
669 207
511 167
779 271
118 1003
995 532
505 985
437 989
835 15
348 84
161 924
690 213
236 100
995 637
983 752
960 921
887 955
584 48
175 54
438 912
333 658
949 915
189 945
857 151
633 106
613 782
495 899
284 758
273 826
877 214
279 375
554 749
103 619
463 148
445 660
755 121
1012 311
830 593
985 213
169 378
723 981
983 738
666 258
474 945
880 75
340 659
255 958
936 1
257 642
668 174
184 759
371 799
226 607
137 520
36 396
359 529
543 277
335 292
904 952
54 387
882 262
899 449
902 507
420 853
91 826
240 67
843 318
569 153
736 714
174 167
381 974
275 251
845 588
6 640
441 114
651 15
179 1023
170 367
136 438
641 13
99 568
485 407
313 876
413 433
677 64
336 729
992 645
965 675
278 977
297 649
729 955
344 375
910 187
870 51
408 997
954 757
898 810
47 139
31 818
140 948
652 856
276 852
785 543
159 401
140 721
814 85
964 1012
429 405
989 403
492 176
402 138
992 640
1016 975
982 451
731 174
975 411
469 88
125 147
316 914
581 658
63 752
641 587
838 219
52 48
670 1023
114 683
831 961
360 925
110 600
978 536
325 636
170 248
772 284
347 144
259 531
1015 44
182 857
401 841
615 606
42 211
924 68
121 703
484 785
582 121
247 606
854 762
757 264
239 656
754 964
764 220
969 281
19 495
967 683
106 389
374 686
535 620
642 179
258 273
842 320
960 126
861 947
652 36
29 266
958 456
96 811
108 207
261 848
475 770
407 41
990 502
575 69
780 134
523 984
507 299
526 190
969 496
984 550
892 397
1012 975
692 360
944 767
215 959
352 119
555 174
340 720
750 437
152 666
26 382
722 174
669 497
451 949
970 453
767 324
292 781
926 599
279 537
336 973
98 373
1005 915
773 599
600 495
840 666
247 750
56 630
655 139
114 428
803 544
492 195
188 817
598 555
996 176
306 456
72 677
333 731
909 795
947 523
8 44
52 408
884 793
970 98
658 1021
916 293
929 766
725 92
804 139
257 1019
661 948
27 308
452 318
302 899
167 75
144 826
908 781
52 261
910 8
195 46
587 720
325 578
952 1006
400 287
708 91
671 818
997 195
552 649
239 1003
333 92
816 666
10 147
732 292
583 138
870 956
728 952
471 381
453 859
399 800
917 298
582 821
368 240
778 754
566 142
255 527
300 687
389 746
324 597
959 431
637 617
133 49
866 89
564 998
970 608
651 473
751 980
1000 498
444 971
380 982
191 927
866 138
917 910
516 366
124 837
524 684
978 489
618 19
158 469
955 615
948 279
453 739
872 576
127 652
47 244
841 180
242 34
932 853
50 354
256 161
622 98
96 656
166 703
576 917
985 853
983 719
600 118
469 143
440 683
366 652
934 617
183 466
195 102
945 387
908 331
654 986
382 414
352 452
877 192
555 271
473 325
798 992
998 821
809 281
38 667
387 64
273 193
540 918
293 737
916 731
199 33
374 865
143 191
190 682
585 319
970 71
542 528
472 583
680 413
794 1004
602 155
16 565
206 967
155 925
298 285
738 971
968 203
160 524
1023 874
456 205
310 758
45 902
949 584
737 82
863 817
66 92
288 75
354 1001
708 342
46 45
562 101
611 625
197 693
1012 1018
473 401
999 670
747 930
948 321
882 133
275 1023
761 720
408 193
314 284
791 148
385 1012
1 943
229 891
797 580
823 248
550 43
719 97
844 1003
868 259
81 923
682 333
120 567
354 963
95 887
926 316
392 395
297 502
111 765
788 305
590 481
366 268
1001 394
762 77
878 90
955 410
710 905
214 251
597 95
792 395
118 476
136 673
70 874
757 525
131 124
304 60
485 202
391 834
696 787
915 676
601 717
513 606
816 784
957 601
544 720
448 9
103 31
331 532
738 568
907 219
259 983
94 801
985 769
318 136
811 895
911 400
720 1019
785 341
802 954
982 671
120 693
175 307
889 901
407 172
891 329
858 7
218 321
694 837
514 813
979 546
467 778
217 13
332 390
739 690
364 863
158 530
331 813
732 749
84 335
753 318
397 734
110 566
244 726
512 194
20 707
911 211
278 1023
738 478
72 458
401 997
879 835
47 121
983 994
913 4
521 838
786 42
437 616
524 448
39 971
97 48
700 555
588 305
626 962
691 726
453 819
179 389
615 698
486 546
206 796
96 680
131 772
423 651
302 738
196 485
523 497
607 212
434 853
138 368
943 265
1007 526
513 53
168 79
990 976
1023 712
850 935
128 538
397 755
592 86
2 911
432 89
935 252
39 635
565 132
1011 407
690 1002
992 750
223 834
507 25
269 82
641 42
884 929
610 93
859 144
139 163
440 883
333 743
685 849
551 480
739 814
837 226
468 114
821 639
59 967
922 118
523 629
787 393
700 122
28 563
772 792
814 750
840 100
283 549
273 624
351 273
762 1017
742 1007
791 789
379 184
471 74
805 476
567 824
705 23
354 819
827 716
48 463
53 711
718 1001
961 925
287 882
288 514
215 841
54 602
120 758
892 724
65 478
872 205
1020 498
163 182
689 968
256 964
947 679
619 475
861 968
974 37
218 953
572 370
681 637
286 824
384 643
660 434
336 920
958 148
162 793
38 624
35 461
602 753
911 1000
474 991
224 466
46 1
564 49
1016 488
621 702
191 602
339 373
877 27
192 561
967 104
396 810
338 48
747 596
223 256
571 64
667 217
450 955
123 159
986 284
189 871
979 485
282 132
274 889
488 62
488 871
845 649
61 615
101 504
445 887
59 352
194 735
192 62
23 578
891 363
232 696
692 142
806 190
180 59
340 75
673 420
675 893
959 668
37 604
701 565
707 883
218 784
227 857
915 274
931 450
149 140
877 571
397 57
116 1014
229 973
347 367
24 65
39 378
303 875
638 1023
129 96
599 609
94 81
626 886
320 237
499 1004
4 522
224 755
139 315
255 422
210 335
474 933
726 362
25 219
935 542
907 493
818 761
979 900
111 652
377 99
945 332
926 302
318 886
189 888
343 586
818 824
640 183
859 293
683 125
124 702
88 8
905 109
615 501
880 167
65 292
540 835
918 440
857 194
716 256
140 569
153 521
386 1014
229 1012
560 147
796 155
632 907
181 348
477 996
964 81
55 761
411 251
61 597
875 249
240 999
237 159
898 762
157 235
859 117
414 984
149 990
754 80
203 96
66 710
64 455
723 450
820 967
231 642
65 353
550 121
166 285
657 904
789 758
919 514
908 558
920 430
317 508
547 743
566 931
478 648
340 499
26 756
0 486
271 915
722 965
3 500
421 936
43 765
199 197
726 56
928 726
364 31
203 351
524 14
161 126
130 310
94 809
859 351
46 254
423 779
423 36
873 737
262 810
812 741
897 644
35 507
990 350
8 572
247 713
870 224
67 671
793 690
50 545
152 375
331 789
271 320
979 274
799 500
294 311
733 561
859 957
746 892
329 199
355 214
128 167
917 805
37 1014
392 265
806 52
133 942
477 565
516 54
487 875
903 549
933 866
249 228
0 734
558 342
429 1012
571 851
245 548
419 131
603 7
780 429
708 705
780 651
479 44
236 225
460 469
989 89
99 887
379 286
101 358
947 395
1020 434
649 324
630 1006
441 428
797 914
857 774
154 585
349 973
694 940
182 222
585 81
90 537
78 879
718 813
566 564
944 357
515 157
415 188
34 512
801 140
440 802
496 748
316 175
348 550
541 185
498 726
576 964
410 800
953 402
941 396
998 529
138 69
767 964
393 607
1017 76
984 342
571 928
374 219
208 709
359 211
714 180
938 574
904 679
261 365
534 975
157 772
744 213
854 753
894 158
304 550
977 923
994 844
682 527
275 278
359 432
767 886
800 977
268 448
781 406
240 392
948 680
682 250
676 856
335 408
783 751
407 830
251 531
950 231
319 891
7 514
790 774
408 303
306 347
117 449
639 818
391 731
337 117
288 391
449 145
688 548
120 961
639 100
383 121
927 77
992 957
980 312
673 904
859 590
1016 317
92 811
988 147
255 491
896 863
353 59
643 721
753 650
242 166
263 9
312 636
592 508
788 241
785 249
164 302
375 9
623 918
170 898
931 345
616 99
893 470
715 881
980 848
881 149
424 731
79 531
686 226
148 671
565 1015
980 786
957 302
303 413
210 620
144 453
866 944
443 672
815 931
598 499
983 615
592 781
743 761
194 631
850 523
554 81
751 122
79 334
416 935
471 123
841 880
784 264
839 528
689 171
504 932
999 613
730 32
55 372
897 82
691 819
268 837
352 189
971 98
823 629
949 419
283 393
630 904
795 716
749 771
812 298
833 659
695 195
817 612
845 572
130 77
223 403
131 289
692 17
463 1021
552 887
358 33
739 425
636 82
806 212
755 884
258 211
628 84
423 92
103 806
668 246
805 1006
639 231
250 157
837 924
120 530
825 976
597 855
297 540
323 238
118 302
820 281
952 317
624 718
94 118
79 354
84 372
457 616
835 5
638 921
991 652
2 722
890 804
276 532
1023 592
939 583
78 341
1011 276
188 64
131 157
177 470
849 923
322 277
986 353
1013 922
493 658
11 270
449 976
426 138
44 915
810 94
745 786
251 212
975 771
170 104
152 166
568 693
378 132
878 554
632 899
890 241
864 830
1023 558
555 193
110 478
390 892
122 718
970 258
383 43
636 743
151 776
478 882
551 626
719 813
987 488
311 715
209 866
473 690
741 93
571 17
896 453
61 294
178 76
680 976
489 796
640 276
620 944
991 269
444 595
426 1016
596 886
327 1015
133 12
517 7
61 743
595 641
376 431
155 201
128 170
726 69
114 104
970 985
167 770
644 904
80 446
238 388
598 594
225 995
63 663
902 660
85 727
96 433
716 519
281 854
784 460
730 26
1 702
773 323
600 839
544 957
758 436
106 241
316 657
40 292
767 795
762 962
316 677
850 962
333 955
558 456
277 922
450 761
914 55
588 580
105 146
196 362
907 107
938 798
235 548
238 247
964 51
1000 186
591 145
171 984
546 550
797 235
581 70
147 65
155 562
113 977
227 167
490 128
640 207
35 864
877 609
248 1007
472 907
444 450
761 771
130 655
616 477
493 932
922 620
713 213
764 261
571 414
668 193
835 965
947 467
713 428
930 625
800 275
640 678
335 859
32 846
973 815
9 298
270 224
558 279
574 1017
245 297
22 405
910 86
893 658
651 1010
304 975
629 22
515 806
30 239
1020 173
215 775
250 827
682 555
513 184
672 639
667 655
113 494
1009 935
793 630
98 459
523 924
390 286
85 168
560 735
744 104
363 572
808 291
240 322
129 66
440 601
772 449
335 536
32 338
601 16
687 199
865 813
965 255
237 497
257 628
703 784
352 716
415 1023
362 881
535 81
362 419
380 932
633 543
176 921
642 511
251 863
136 878
187 72
51 661
712 922
144 678
168 602
927 82
285 774
459 265
433 952
243 271
990 945
1007 265
244 779
236 291
854 1019
834 316
444 944
734 218
488 215
228 867
628 1005
845 875
205 498
909 719
765 570
206 343
298 1001
819 828
841 320
479 92
642 168
535 923
839 1004
915 618
735 353
900 457
523 975
171 209
625 992
185 109
466 788
751 705
947 31
227 321
260 803
953 127
489 786
88 46
795 388
919 59
913 768
1017 458
312 238
1023 75
708 23
674 704
912 981
868 106
256 568
361 428
674 885
904 284
666 921
548 754
703 582
680 329
554 258
699 515
825 919
555 79
92 508
671 210
295 28
825 470
689 919
944 692
412 178
41 329
86 402
964 522
579 985
451 109
1012 425
41 193
876 648
135 516
887 865
676 187
40 69
131 35
273 555
860 339
839 1000
153 374
594 971
262 671
339 847
987 93
162 844
852 384
396 834
171 59
644 761
859 145
499 941
184 700
981 217
293 227
256 386
657 799
968 886
658 75
775 102
50 476
143 95
839 182
8 884
888 152
983 693
25 172
12 527
302 844
479 974
46 198
283 901
685 579
870 935
110 740
728 1017
842 1009
36 956
543 73
888 24
236 533
477 813
878 199
422 747
523 6
749 526
252 177
654 971
718 890
450 813
174 363
710 64
406 30
628 979
65 251
826 472
17 409
262 955
15 628
490 1007
326 259
168 266
587 421
129 731
709 933
656 720
305 158
684 288
329 631
187 464
597 146
600 641
799 492
387 613
876 400
954 53
955 48
874 953
364 262
668 901
929 915
430 596
394 470
984 865
188 256
90 765
889 198
998 369
480 113
1013 970
399 119
253 121
950 685
39 518
186 195
737 1005
184 418
552 387
455 76
377 130
36 688
815 936
1019 164
544 115
575 314
1000 361
619 583
218 718
887 414
77 286
86 350
666 646
546 211
711 985
470 463
79 335
247 738
123 244
281 768
840 822
792 666
118 152
442 772
431 219
379 660
608 937
810 826
39 100
747 318
165 755
144 702
911 660
60 307
105 103
160 65
1023 533
328 7
670 704
802 67
1016 56
122 575
416 94
368 112
49 793
157 763
279 131
620 150
46 589
870 408
760 890
565 191
1004 865
100 463
546 881
947 334
232 970
559 327
756 706
111 593
694 790
642 856
490 1000
388 67
656 458
632 177
266 122
140 358
264 903
124 773
231 391
697 889
94 626
313 447
962 1019
469 308
847 51
860 102
465 537
492 224
661 857
764 770
107 725
768 620
261 84
608 56
640 1015
969 769
552 992
806 970
331 286
999 618
218 658
160 640
996 320
6 574
527 430
948 466
658 874
199 471
218 635
541 13
257 272
897 281
526 893
556 96
252 868
309 332
449 187
982 722
644 1013
72 83
158 105
878 982
989 843
931 455
706 987
365 485
596 643
56 452
57 854
394 979
598 923
71 127
564 273
288 541
876 385
383 685
921 861
408 27
999 457
442 541
872 187
323 231
833 809
604 314
191 351
238 142
595 805
117 792
345 1000
264 129
852 442
550 190
0 82
257 839
511 978
973 961
778 168
516 608
940 61
604 301
935 922
220 902
932 842
5 579
134 340
848 368
842 833
962 749
368 89
179 316
533 1
513 653
1003 1017
826 240
625 164
789 89
464 893
262 638
854 908
926 584
743 24
329 507
448 85
402 628
883 961
645 13
79 347
577 774
722 121
244 21
379 961
603 94
24 425
301 197
814 718
143 793
641 933
916 568
249 441
244 713
932 294
723 249
459 688
857 432
325 139
923 126
242 365
461 27
906 933
762 376
757 895
38 398
258 173
685 162
120 959
54 304
1007 573
946 489
574 319
899 425
490 934
275 507
834 183
948 545
422 270
899 705
390 901
580 811
612 777
121 837
359 210
596 293
167 792
499 55
966 310
511 694
252 32
368 17
964 950
779 172
493 203
608 456
648 535
913 503
141 914
955 623
367 206
610 99
878 364
109 345
722 1019
550 930
561 525
125 362
87 195
29 202
560 815
387 805
393 162
213 570
146 474
575 352
833 1006
460 8
398 671
845 257
973 772
795 131
247 1015
267 136
217 256
394 892
909 297
566 52
529 640
844 616
1017 518
963 381
172 188
923 296
798 853
601 816
590 289
248 543
985 583
158 360
941 852
350 354
711 518
63 578
137 799
567 402
416 713
279 142
455 499
448 614
431 378
33 440
485 909
373 115
497 60
301 728
319 253
911 321
860 935
978 847
496 71
347 740
165 99
195 432
26 997
435 959
835 253
680 721
413 106
206 112
466 963
716 41
67 201
102 665
753 701
771 57
13 909
965 303
998 16
670 866
329 502
629 908
300 867
553 37
353 149
776 1
846 125
845 633
805 890
755 364
953 539
951 552
816 882
261 278
179 1018
927 914
211 366
308 25
745 971
688 128
166 1020
141 882
45 8
373 708
610 129
385 78
230 728
581 278
27 177
372 177
545 227
280 700
489 882
135 707
778 301
85 642
299 790
301 533
87 419
114 151
623 417
528 82
925 212
1003 252
449 861
680 682
190 452
780 560
811 235
270 156
318 824
175 806
152 540
865 627
884 691
146 449
544 1021
268 176
1005 877
722 996
890 511
70 104
382 993
31 704
23 690
300 962
151 443
20 657
96 992
86 530
588 866
344 357
889 644
928 724
254 809
53 271
946 240
66 633
600 205
253 214
614 836
554 281
894 788
461 670
393 342
1010 405
698 932
523 867
190 468
176 50
948 359
437 783
529 909
323 733
731 186
994 541
887 796
250 525
840 941
484 161
1008 808
267 104
607 675
786 397
456 1020
697 929
33 751
173 572
974 119
963 628
809 538
238 476
273 483
641 373
52 0
616 533
156 976
834 198
130 516
787 967
167 68
1007 806
830 537
782 205
914 513
941 468
1010 349
95 348
92 944
0 502
515 941
763 891
948 261
627 925
686 693
333 655
710 282
160 99
18 549
62 603
794 999
386 717
990 527
340 755
730 527
824 988
195 944
779 128
516 567
281 20
53 119
568 54
830 902
963 557
941 754
299 754
210 550
520 862
720 914
553 256
508 885
978 12
922 722
162 562
483 854
375 18
960 669
897 521
321 56
252 415
390 1018
8 204
237 99
681 986
695 619
321 67
337 736
741 538
601 161
683 217
263 719
11 139
561 798
896 460
45 86
678 74
977 149
346 681
565 979
149 886
1015 764
1004 204
51 783
331 173
453 990
55 265
262 926
927 942
792 651
426 116
255 1011
861 97
839 16
193 71
109 99
573 853
777 630
568 118
690 462
736 50
1019 35
1021 59
411 643
1002 503
873 240
147 451
1011 387
580 308
72 469
81 325
1013 196
438 106
626 27
450 400
630 876
20 375
160 714
326 827
801 565
533 874
189 1007
285 351
823 330
715 178
199 616
657 163
982 689
499 491
832 687
612 581
395 58
652 607
209 594
875 8
114 523
480 224
962 68
998 255
520 946
822 713
864 220
976 521
30 71
1019 306
913 1010
908 906
792 71
244 131
59 205
328 626
943 816
234 165
861 227
364 575
333 165
974 532
372 995
430 60
783 710
134 118
233 593
932 468
241 956
960 707
739 866
148 65
400 928
1006 664
640 850
319 715
498 395
103 396
975 796
87 268
89 1021
845 604
119 235
477 158
352 113
131 196
657 697
125 479
678 9
784 533
24 23
165 519
618 902
374 581
1020 141
921 0
67 4
734 747
414 992
233 508
232 575
832 732
907 985
660 596
403 922
967 681
480 275
332 302
791 402
64 749
717 1002
822 942
337 259
707 63
461 24
816 963
927 1022
364 318
76 426
697 319
824 985
175 664
631 999
974 241
863 837
433 515
983 715
949 14
443 949
961 871
47 936
993 731
747 470
483 221
993 981
913 553
567 224
877 464
266 347
307 130
54 906
466 389
69 361
56 527
990 673
971 571
104 983
292 291
493 96
678 60
537 899
900 429
616 795
897 330
194 304
199 202
724 765
334 503
231 767
658 168
885 570
269 376
221 451
1013 524
478 1007
390 907
257 716
979 737
492 179
156 72
433 956
629 255
136 916
613 882
72 127
511 181
712 1011
573 95
899 971
35 471
655 220
323 261
561 1001
748 500
194 281
710 242
326 209
57 484
883 1006
901 975
410 889
761 462
354 23
300 395
266 859
121 349
95 233
213 87
809 420
954 45
12 938
995 135
38 692
949 76
295 458
732 613
457 861
573 94
376 713
369 218
379 115
567 729
675 750
529 117
252 58
798 680
378 505
147 313
571 996
756 640
462 191
95 781
428 164
790 769
212 898
834 432
76 491
468 885
38 192
923 575
952 912
383 868
792 170
589 332
454 589
909 433
400 944
96 458
286 815
69 114
637 740
774 502
553 817
874 671
243 587
938 616
652 367
508 419
734 820
961 693
240 773
497 56
705 53
10 165
247 753
717 93
583 226
984 34
916 19
797 229
119 1018
4 353
708 839
758 76
1013 7
376 942
403 1012
85 186
863 161
125 884
34 641
876 905
253 951
352 234
914 386
179 400
829 933
235 254
515 760
828 357
580 719
8 8
480 161
433 706
342 900
712 876
308 885
833 680
347 60
286 508
510 947
861 697
514 541
4 388
652 883
885 713
478 927
855 624
894 518
888 552
750 510
124 671
565 952
399 47
738 144
852 417
78 296
531 21
993 702
975 411
672 138
477 148
817 237
702 553
217 871
317 20
340 864
698 97
841 817
880 248
660 836
994 4
839 668
881 573
302 813
481 149
377 984
688 242
469 915
665 445
39 817
615 614
115 691
193 216
940 200
312 180
68 334
910 169
311 794
494 406
164 595
896 246
205 661
850 794
676 1016
593 316
732 864
508 288
580 267
172 841
163 929
101 622
429 849
192 536
28 905
594 645
231 851
770 560
736 610
734 461
147 712
262 0
668 901
95 287
453 140
755 582
223 860
660 183
584 806
886 95
364 304
358 678
481 226
907 626
637 1015
182 801
168 89
698 292
149 273
521 128
302 957
830 608
902 32
103 187
445 939
567 13
517 929
320 711
396 558
845 140
631 338
839 549
736 1003
108 600
276 832
547 218
239 789
620 178
33 945
773 817
315 131
933 461
110 85
524 899
860 823
373 607
844 436
334 26
911 698
559 755
192 796
756 722
925 573
889 400
16 599
191 334
540 925
536 160
718 625
883 220
30 695
14 201
707 989
585 130
416 198
569 972
780 210
749 640
936 497
100 238
151 277
270 128
665 343
542 447
749 870
247 518
180 390
660 142
579 861
1018 765
501 552
332 186
56 265
896 212
918 525
914 437
557 675
52 189
705 82
673 603
800 489
264 412
889 991
592 900
91 166
836 304
218 525
456 829
722 1008
6 749
607 968
352 246
689 166
987 406
323 978
800 374
475 138
525 103
887 512
228 627
931 662
647 206
90 26
74 192
425 446
326 83
641 894
905 495
94 177
560 884
775 393
914 838
149 500
309 201
571 495
538 379
84 77
67 310
858 864
777 142
710 112
560 179
386 701
365 315
924 910
876 538
925 682
161 835
195 369
203 858
607 935
412 656
357 177
1008 47
802 903
780 0
461 1004
555 1001
46 693
890 453
439 222
684 292
581 801
266 674
8 91
139 561
1008 461
781 646
551 1016
694 678
311 83
47 12
763 362
714 256
184 697
659 263
166 510
670 467
219 219
609 15
726 797
191 525
419 104
140 312
906 381
657 97
76 968
88 100
714 214
77 429
637 366
113 68
25 862
396 283
990 563
986 743
816 819
211 292
965 995
876 976
417 99
784 120
542 56
334 414
208 974
830 526
666 682
441 80
118 90
106 618
258 969
74 32
778 749
603 71
725 313
471 935
168 903
723 847
977 786
785 19
181 612
415 901
883 992
905 217
144 452
7 921
1012 332
702 55
106 805
823 420
895 311
486 622
324 704
395 314
723 1010
199 867
494 501
776 652
782 803
7 338
498 585
196 450
257 246
256 556
678 46
838 251
829 985
375 644
900 739
52 75
156 376
307 566
727 742
749 218
277 372
933 415
483 139
275 189
983 1012
400 234
182 446
536 193
172 830
93 666
748 853
192 658
388 747
945 671
1015 495
1004 72
492 830
55 719
755 430
217 816
57 662
463 385
329 904
754 409
152 558
253 57
881 500
870 536
137 984
760 750
363 949
395 33
140 289
657 455
323 767
195 689
695 494
253 432
818 255
399 227
824 970
122 913
896 733
246 969
6 785
86 595
512 808
301 138
963 367
709 133
799 158
137 186
361 916
713 144
111 606
819 170
23 414
922 814
430 940
275 175
238 477
645 833
535 363
897 660
53 786
350 673
753 370
267 188
710 319
587 213
373 1005
128 582
537 997
197 139
839 314
139 967
247 934
999 372
459 531
991 226
965 102
930 51
173 917
858 463
405 10
618 97
902 406
585 782
131 904
5 172
397 863
740 282
571 833
692 544
114 935
50 500
526 201
13 242
457 115
338 702
186 788
863 505
800 320
752 209
889 767
254 383
993 800
689 262
124 389
423 544
925 796
257 340
445 986
106 235
50 260
720 739
295 855
965 247
475 758
678 615
609 41
726 60
250 629
773 377
620 1017
233 891
437 22
468 40
113 650
605 747
325 773
764 636
687 96
163 762
909 390
247 149
566 520
923 290
122 485
652 63
182 430
785 92
272 842
78 69
843 350
26 554
793 647
773 128
35 858
999 261
796 474
1011 214
248 834
439 346
588 959
489 910
683 116
802 253
455 391
333 575
537 971
979 226
53 929
275 540
971 677
832 815
188 976
890 285
489 115
353 322
820 957
400 970
904 918
173 524
802 392
341 248
11 796
499 268
570 711
16 265
575 45
453 651
1012 57
700 669
9 849
971 693
98 351
894 526
824 488
218 367
400 695
790 361
750 444
829 179
166 88
596 623
654 1012
475 67
284 189
140 391
437 976
217 812
323 824
1004 457
692 79
86 183
1011 272
123 79
302 833
1006 205
917 568
597 292
499 369
422 475
622 974
801 257
633 345
206 704
162 901
1012 290
208 821
975 620
499 771
201 370
118 418
775 510
497 939
892 124
279 719
507 166
592 827
731 6
315 702
188 216
593 234
991 254
116 464
753 610
32 1022
662 150
423 108
299 864
981 417
879 263
166 984
944 962
856 60
679 16
1000 263
87 641
947 968
65 696
889 173
86 300
166 825
161 87
495 912
1019 383
973 86
475 720
538 557
703 323
377 960
151 520
514 15
597 164
626 305
104 787
411 910
259 667
410 3
735 41
717 153
187 82
33 927
559 4
957 628
772 8
705 793
970 172
584 882
95 510
223 191
524 54
867 627
818 853
700 969
1002 467
435 210
386 476
359 277
1022 118
364 943
57 280
177 190
14 333
104 894
294 187
0 951
752 385
90 18
839 890
789 467
518 174
105 742
381 646
318 278
449 537
562 148
509 363
732 953
691 927
313 354
872 46
203 139
571 752
677 805
697 280
917 725
78 376
974 505
430 295
414 885
455 354
472 324
833 4
634 168
401 595
426 973
202 119
82 91
542 972
75 667
358 191
567 1011
957 387
438 154
118 967
613 179
850 764
990 939
480 107
94 467
93 352
987 124
890 922
841 1021
140 444
875 835
216 549
466 383
536 940
733 938
698 42
921 473
768 163
992 932
298 178
234 924
104 908
76 293
867 117
781 672
378 881
603 913
307 904
253 641
973 656
852 325
341 274
513 939
388 798
183 91
821 201
193 246
836 33
260 717
164 411
241 673
734 389
469 173
556 119
605 945
2 449
995 753
171 239
508 23
912 796
108 736
950 173
427 711
922 236
237 174
193 243
614 870
545 194
813 745
546 251
948 614
577 605
576 539
801 450
205 193
978 267
11 374
464 8
149 893
418 19
907 495
534 749
301 280
948 68
659 818
647 144
952 570
284 661
323 266
913 126
1008 1010
234 587
380 326
870 559
306 647
673 25
995 995
192 714
901 672
542 915
685 956
649 678
597 353
797 75
273 31
798 58
698 224
421 13
700 810
203 753
943 347
887 791
271 380
12 455
142 848
842 827
444 844
41 773
344 375
1012 711
215 845
404 133
167 74
600 804
947 357
39 740
987 842
168 125
130 269
1020 677
130 611
1021 113
551 803
680 622
572 184
288 291
219 435
695 263
755 593
691 16
3 23
643 556
249 251
554 489
784 735
979 398
883 19
214 89
449 563
147 332
716 796
615 64
135 339
771 652
517 746
157 648
543 960
841 62
702 635
94 581
433 957
603 115
863 670
862 23
304 617
121 319
85 255
188 188
255 1020
378 69
997 813
782 143
152 203
496 48
809 923
872 626
700 412
1017 827
6 573
236 327
709 1014
541 831
383 593
313 355
916 296
930 842
733 929
807 749
543 741
370 9
387 109
677 404
5 794
892 51
407 153
666 454
118 396
279 712
857 944
752 57
313 250
344 426
555 708
960 83
7 923
30 175
25 297
731 448
994 767
62 92
23 958
320 334
807 178
971 845
5 779
918 170
924 1021
715 299
204 746
590 207
1004 625
43 541
276 1006
608 719
374 934
686 482
474 538
356 719
467 976
349 52
912 111
251 522
306 717
845 804
671 905
854 298
265 864
138 135
467 190
137 226
688 1010
919 831
251 994
102 265
203 939
145 836
912 936
366 467
695 906
1012 475
801 263
106 601
150 1002
219 252
343 211
802 877
251 234
47 708
548 757
94 319
795 343
39 464
373 716
736 203
1003 776
370 567
610 318
945 641
372 220
107 149
710 986
818 660
535 224
619 349
78 572
281 202
671 1012
584 213
836 13
546 501
733 42
872 863
606 953
801 25
511 231
966 118
527 641
930 240
297 883
795 656
408 131
674 784
234 332
728 765
881 906
1018 217
594 111
952 118
1006 807
519 846
682 829
242 372
169 663
687 57
153 812
911 253
587 760
582 29
364 130
723 731
386 537
464 671
412 825
23 120
967 142
1010 224
534 812
836 522
824 620
975 275
239 353
706 231
439 273
457 516
518 949
828 158
232 623
377 881
46 224
736 546
799 833
0 135
531 832
936 201
112 593
847 90
643 726
521 62
150 674
818 224
876 332
247 248
645 824
147 289
284 279
66 392
196 817
715 641
264 1010
725 208
518 937
684 464
491 971
108 55
879 650
335 83
905 585
620 579
888 29
452 370
335 831
203 206
124 247
767 659
944 55
891 591
46 953
744 188
61 461
495 897
770 525
511 250
233 970
828 848
851 398
312 421
3 797
86 500
475 969
463 288
167 698
870 932
27 2
1008 690
779 1010
846 194
140 860
1008 185
199 924
502 466
848 991
889 163
672 966
3 409
886 873
908 335
604 921
726 663
307 252
594 135
558 76
151 908
88 953
920 395
244 292
526 40
848 58
868 552
245 980
662 848
313 280
203 499
468 60
689 20
810 682
893 408
268 90
984 660
429 103
719 166
721 1017
383 636
668 370
521 1013
585 209
736 713
289 743
1008 84
11 323
220 43
21 224
545 714
429 902
216 171
931 837
828 37
899 259
999 722
615 1017
388 808
210 250
272 614
623 35
955 107
682 968
837 276
995 865
865 334
1007 781
574 136
712 862
432 373
961 754
130 222
123 738
107 413
423 1020
336 373
102 757
666 509
951 891
206 394
524 622
643 9
732 385
889 179
241 191
27 353
400 880
842 79
721 438
114 699
65 824
324 507
478 932
805 141
774 234
578 783
227 24
425 756
165 913
288 566
834 815
700 99
999 654
270 602
611 1021
234 1017
129 270
846 674
760 41
192 847
968 567
372 435
311 68
333 307
543 513
930 30
490 981
713 481
508 79
794 44
252 316
342 740
471 992
308 680
807 845
237 881
577 203
862 687
574 948
806 575
763 164
398 152
47 197
691 156
464 760
946 467
220 527
686 646
932 173
177 447
6 872
523 135
691 447
440 641
215 236
97 457
761 836
2 700
159 411
102 495
324 255
529 164
570 926
503 57
762 912
852 309
825 79
851 83
550 1015
296 204
306 754
434 176
707 178
870 948
642 904
976 538
219 782
920 40
989 871
972 879
925 933
335 473
379 431
870 165
936 209
361 517
109 967
436 888
1021 17
908 432
1014 148
104 696
375 955
99 310
482 951
523 862
549 62
605 514
205 894
1010 47
172 140
658 67
77 593
834 418
407 687
101 328
253 665
82 265
61 9
766 498
68 950
885 937
518 271
711 313
979 541
292 390
67 987
994 532
368 3
672 233
221 369
991 520
1004 633
72 486
697 14
306 129
78 508
993 274
558 970
808 529
759 883
774 868
658 161
523 19
628 765
379 745
854 133
877 490
129 357
211 493
948 865
738 787
242 322
242 55
703 200
497 13
349 971
1021 262
430 105
237 885
668 966
888 613
800 827
591 213
489 142
769 367
732 797
162 472
107 705
790 126
977 319
863 152
339 623
181 67
883 960
935 733
237 547
846 630
516 949
47 239
504 985
28 134
698 608
305 973
38 617
774 6
397 966
325 15
905 542
15 538
674 811
861 49
13 990
115 207
902 915
855 654
738 22
666 958
689 770
706 304
334 584
844 757
710 305
749 369
610 882
964 292
954 654
684 857
351 183
304 269
655 1022
817 256
444 968
319 742
293 136
857 24
988 977
1021 829
670 7
852 26
686 896
118 710
969 922
800 328
824 373
313 86
435 897
180 743
468 919
502 460
560 223
994 42
964 901
999 776
59 1021
819 802
625 19
744 826
891 277
188 505
380 873
580 847
904 554
989 443
783 118
596 87
1019 805
558 336
424 572
498 420
973 376
929 260
710 958
979 341
941 638
283 850
70 472
175 666
182 863
682 786
148 772
779 210
838 717
41 279
448 704
800 521
906 279
94 239
616 699
172 633
802 656
646 411
53 603
777 598
72 335
591 383
630 866
362 858
893 578
133 330
941 313
534 239
215 964
9 10
870 649
606 804
669 773
672 413
459 627
802 379
934 238
35 68
591 552
764 413
356 894
613 845
906 231
53 851
588 883
892 113
396 847
368 102
738 55
748 548
488 72
32 642
48 1021
243 163
214 168
608 728
37 474
888 307
544 1016
818 848
843 755
298 660
653 224
821 282
774 954
306 900
768 87
425 358
72 666
898 932
588 948
389 322
958 271
394 406
829 627
679 918
876 842
761 53
357 471
571 733
358 496
940 443
476 980
166 903
152 826
575 964
528 805
196 667
626 837
839 734
105 833
49 824
752 335
324 54
355 836
42 527
204 835
739 547
841 354
769 133
727 958
94 748
319 880
961 861
82 558
1008 937
259 730
363 125
41 719
274 28
108 3
681 717
744 939
842 23
104 265
550 867
817 3
866 499
15 828
69 287
612 370
293 697
491 549
386 250
752 1013
1008 1001
718 363
890 317
665 608
629 850
144 927
340 41
677 708
688 551
508 154
635 795
17 763
553 598
508 331
275 462
928 134
642 562
218 979
957 228
793 84
927 562
370 253
796 788
644 862
337 299
368 756
161 527
162 289
562 648
122 934
760 0
349 915
801 574
797 496
323 41
178 977
361 404
920 634
562 370
879 960
243 565
340 1014
760 959
1020 184
901 1
423 472
647 181
466 1010
373 772
459 39
1002 624
387 53
929 188
984 924
104 558
1013 859
87 912
29 800
460 918
565 879
37 873
419 341
846 32
864 814
605 152
311 882
185 0
884 267
734 553
377 879
822 398
496 823
817 279
471 799
459 41
444 591
607 784
300 975
319 6
151 100
837 709
713 343
86 621
794 565
275 536
303 337
953 37
588 194
1006 238
126 878
822 387
975 585
191 142
548 809
1001 538
315 972
717 302
346 443
249 711
201 949
487 100
252 759
123 225
691 706
847 364
751 238
130 441
209 1017
141 114
479 947
739 787
712 262
704 182
391 729
837 10
258 315
276 664
99 439
197 567
36 918
874 191
897 204
367 387
695 130
922 641
686 821
278 753
814 260
399 385
1003 343
464 794
939 981
744 195
983 771
332 812
278 557
470 22
551 874
905 11
8 536
650 664
489 239
309 347
641 994
597 104
220 508
655 221
156 927
842 804
326 754
544 158
156 126
258 29
398 753
540 523
888 792
9 386
348 758
79 363
811 524
427 299
952 770
127 110
752 354
137 53
948 655
406 383
1004 755
359 727
917 117
268 267
1002 482
168 633
256 872
592 827
978 354
80 840
398 200
132 567
534 1018
67 361
142 956
833 292
551 106
413 93
401 996
742 913
419 523
583 632
676 963
787 780
205 989
81 421
819 915
793 504
702 388
861 646
274 847
80 335
130 529
329 73
945 293
59 208
614 1023
792 898
760 994
613 156
203 963
856 658
912 958
565 105
35 142
883 495
217 476
773 904
644 720
511 98
354 504
815 58
967 479
85 255
820 905
695 223
843 69
1001 389
958 299
620 689
429 884
995 188
545 401
366 527
703 298
242 666
109 860
272 474
843 745
23 457
941 549
943 579
651 874
174 582
812 18
980 34
85 807
701 101
650 1020
262 199
284 604
621 59
347 898
877 655
394 999
502 902
314 963
254 57
148 586
1007 115
456 873
911 697
701 624
8 526
948 767
962 872
566 782
973 327
960 291
141 484
718 668
105 129
121 817
886 66
572 90
13 783
77 676
894 795
511 1006
828 567
87 233
835 213
323 783
178 540
1005 792
354 434
715 201
428 481
478 293
616 597
43 772
583 601
416 693
831 46
445 678
668 512
410 662
128 147
195 90
192 349
725 638
795 187
611 981
291 585
680 300
217 345
308 241
926 859
698 711
424 667
42 141
29 191
873 221
785 558
906 786
773 140
513 344
920 687
909 571
844 726
127 944
597 921
134 876
547 92
231 584
770 314
601 931
287 264
600 192
646 266
255 687
559 196
310 825
835 84
820 632
717 800
455 401
573 194
346 884
354 220
280 763
267 639
821 529
959 340
923 793
882 418
424 125
61 545
324 154
266 774
934 980
516 701
405 348
393 189
863 835
628 377
945 410
644 359
501 186
610 39
362 12
991 408
89 927
482 265
635 622
355 155
106 100
80 345
344 887
29 880
739 144
557 123
842 873
356 261
932 736
424 206
311 64
799 297
334 44
887 374
426 819
903 816
535 3
467 476
980 419
868 1
192 863
127 12
563 596
839 264
21 100
106 592
990 790
564 508
140 678
65 488
463 737
4 296
522 954
621 283
11 650
730 392
169 500
402 343
340 982
249 587
724 249
639 868
533 350
50 760
527 964
24 558
590 959
40 704
760 829
963 479
433 808
487 797
760 694
352 411
735 66
829 627
592 881
741 292
298 300
222 756
85 658
10 309
1018 1002
435 691
607 422
690 921
359 559
358 453
82 677
253 660
627 526
812 267
470 260
939 80
141 694
170 6
279 112
280 669
386 254
101 414
491 834
786 177
313 632
781 778
262 215
396 830
39 811
371 576
494 24
444 510
542 152
509 39
737 926
822 65
60 444
605 875
413 752
40 363
477 1008
891 981
119 97
934 655
134 612
637 1007
143 803
19 561
797 537
363 38
755 181
91 260
598 938
442 211
807 619
690 884
1018 134
439 647
482 992
308 337
907 244
293 98
682 980
816 692
484 704
368 693
97 281
541 21
530 298
83 3
322 510
81 331
93 340
993 293
246 149
634 97
127 990
480 145
16 720
462 988
220 370
875 259
82 1007
500 74
41 673
589 742
68 42
747 551
58 1002
686 182
879 986
914 707
845 1000
81 13
234 881
808 442
61 107
147 512
463 815
86 95
99 569
846 483
799 68
126 387
414 543
560 68
559 583
294 383
234 284
801 171
830 384
676 22
209 882
572 317
338 862
10 8
139 787
469 657
23 987
865 826
522 177
927 650
254 583
496 171
192 782
982 116
241 777
732 107
381 745
583 593
922 976
215 602
473 917
537 969
73 24
960 867
478 872
172 722
982 159
410 279
328 852
595 212
58 849
865 531
924 714
493 172
166 121
735 257
622 744
616 228
320 602
882 434
321 159
197 264
400 892
854 375
194 582
588 861
382 105
985 492
543 1023
92 236
303 930
111 773
673 438
526 228
353 754
62 58
819 228
946 746
925 594
718 182
604 935
363 846
838 59
573 148
358 505
852 817
998 883
338 580
647 113
112 260
74 398
1022 58
203 973
915 139
679 592
872 83
3 446
361 858
386 963
748 893
140 791
87 59
684 150
37 238
677 833
928 596
290 243
528 743
1018 184
889 653
366 992
650 687
572 247
257 960
157 775
195 485
387 831
955 205
257 588
423 311
962 459
989 428
237 1018
499 194
7 942
750 672
138 187
665 896
960 974
173 434
416 899
899 482
129 680
327 46
496 948
16 217
268 162
843 934
987 637
258 796
857 438
317 8
512 385
240 223
893 299
868 48
123 888
994 594
816 433
800 740
654 318
455 849
577 827
385 194
262 656
723 213
816 302
722 650
13 738
1013 96
402 255
936 40
773 497
288 327
422 1000
649 961
933 750
511 175
599 266
1 466
738 820
365 720
140 0
753 466
968 722
147 2
166 921
235 542
440 177
665 130
657 906
738 524
80 1006
884 584
1006 829
194 661
722 450
1006 947
646 930
843 386
880 422
151 50
474 883
280 394
27 1010
590 226
647 194
940 382
970 557
140 824
314 1019
961 398
507 919
101 328
999 592
619 106
189 680
659 128
111 254
610 648
719 364
45 646
971 1010
74 150
8 578
529 263
953 428
1013 638
541 900
431 842
575 255
32 469
533 899
145 654
253 943
126 767
76 40
90 293
464 236
306 912
338 671
170 322
108 164
729 564
970 351
635 58
738 1011
300 0
371 940
743 906
67 659
779 119
572 928
722 902
707 793
592 329
88 301
223 845
295 1009
612 111
82 448
276 95
645 505
452 784
194 952
963 139
636 42
709 711
974 457
25 168
212 843
12 694
105 60
1015 399
874 198
18 77
501 984
640 5
739 23
919 582
863 55
889 106
75 855
328 834
757 716
667 325
848 521
130 287
377 1019
544 193
471 290
724 74
299 982
621 958
769 989
929 956
736 151
743 980
980 226
257 626
145 925
984 282
353 303
664 912
160 740
220 384
636 881
189 850
98 352
108 462
659 649
704 813
760 1009
584 469
792 808
278 339
30 812
1 651
830 890
123 208
153 772
884 804
837 707
635 351
184 861
853 288
782 459
775 231
170 673
600 238
42 1010
894 51
856 876
688 169
952 443
952 259
437 959
139 348
110 183
407 947
534 172
323 868
927 975
540 623
310 286
868 499
253 304
661 181
611 463
227 0
86 449
9 220
728 295
929 443
640 697
401 371
484 434
661 609
306 445
306 498
33 1003
526 826
620 72
361 37
216 311
690 246
614 826
265 244
915 753
928 450
251 556
853 811
405 1017
760 652
145 135
541 112
946 241
178 919
1021 863
1001 723
673 19
181 351
840 365
108 433
259 762
874 744
959 578
633 378
868 375
802 270
119 903
209 452
753 594
68 773
572 83
100 662
468 999
454 259
93 962
882 330
545 245
906 448
805 954
288 517
147 182
491 865
272 157
1000 411
682 978
382 730
990 851
388 262
971 518
386 814
641 786
519 695
450 274
809 671
818 273
663 15
979 820
948 443
240 546
70 365
427 185
27 281
408 985
433 192
426 968
761 600
83 49
219 452
260 987
681 437
122 986
769 844
211 682
879 371
241 978
89 302
151 765
100 491
542 627
862 77
647 973
361 967
970 107
926 417
260 639
878 626
875 938
597 883
897 836
725 160
593 772
1004 27
182 770
1008 555
604 312
507 769
496 413
702 260
539 1004
694 259
967 729
403 16
514 13
407 928
516 756
155 615
24 503
197 386
751 82
478 753
730 871
266 701
680 428
10 420
28 349
754 770
501 1023
976 853
463 214
358 441
709 429
520 1023
707 913
251 693
108 561
340 217
458 124
540 69
885 839
320 779
398 165
149 182
949 362
904 726
912 964
615 208
844 958
518 159
685 938
34 635
306 978
740 197
212 893
869 384
158 650
883 125
200 1014
405 274
19 215
632 443
557 955
457 1007
56 935
208 887
375 236
906 504
112 680
614 722
358 916
301 41
755 122
990 658
921 259
933 749
942 1002
1 988
779 362
577 215
709 257
161 446
420 894
413 550
240 577
277 834
239 624
741 721
885 860
50 749
920 718
268 501
897 209
413 427
242 1018
510 254
438 128
224 998
607 816
650 742
335 876
253 196
331 22
395 378
418 709
249 293
974 876
58 411
677 731
52 355
141 283
644 113
341 897
397 3
247 713
649 39
745 130
350 102
564 742
888 562
36 572
173 194
27 696
796 660
493 992
807 796
854 657
104 211
390 233
728 352
636 992
29 169
13 479
233 701
693 962
842 397
3 1020
439 327
777 549
92 100
822 966
13 238
948 974
822 960
56 493
276 79
271 885
50 159
1003 665
40 227
353 101
562 118
821 231
151 580
813 958
642 900
807 957
833 583
366 387
428 753
277 835
97 532
609 477
757 627
606 808
71 633
936 914
858 13
48 291
926 913
681 838
165 445
505 1021
69 59
52 360
748 287
404 45
779 823
274 1019
827 227
773 845
452 960
822 814
204 94
451 941
505 900
723 70
271 845
716 613
463 316
772 579
990 136
871 556
49 355
531 127
126 467
911 622
376 63
392 473
101 350
192 255
583 211
444 832
778 825
275 224
230 821
462 68
806 766
76 957
113 904
611 957
982 955
874 725
290 810
663 858
39 395
493 808
1002 275
58 607
494 208
405 747
753 268
616 168
346 612
904 420
370 103
450 830
374 292
731 276
746 477
259 699
715 742
273 763
779 440
166 614
824 492
286 384
786 552
224 749
746 318
106 474
932 604
110 602
659 323
967 991
336 87
140 208
627 253
107 124
799 507
879 998
986 815
286 256
837 95
121 535
353 184
486 812
338 716
252 599
547 127
849 46
986 74
585 824
175 134
875 517
643 782
877 358
784 311
557 690
162 463
608 69
773 310
82 41
334 576
431 885
154 101
828 752
325 692
230 26
856 450
39 752
135 349
725 511
378 177
870 416
401 179
337 897
275 332
233 456
898 803
691 243
408 132
538 913
942 903
132 594
952 347
293 84
93 417
867 762
1015 495
1009 615
737 3
394 25
550 417
641 973
668 345
352 736
44 411
599 37
665 593
838 908
875 839
254 149
460 212
90 378
788 451
942 533
272 45
588 127
55 323
64 191
955 271
586 829
912 313
303 556
897 542
690 84
477 186
715 923
77 921
340 442
819 309
8 625
22 737
482 837
212 100
165 98
186 369
834 703
491 217
251 393
751 66
221 3
843 217
797 78
64 180
283 791
217 8
178 519
176 334
984 723
184 55
884 1015
729 346
58 234
397 27
650 886
250 601
692 930
783 26
518 866
777 90
188 229
387 803
767 769
851 710
607 137
852 497
166 161
46 336
563 957
768 427
908 951
906 579
399 194
361 948
866 1018
420 170
566 834
212 365
212 418
435 682
970 966
168 544
567 25
28 173
825 450
698 960
136 946
1005 682
156 287
692 781
101 878
777 235
175 947
384 117
1007 247
340 939
563 803
201 789
712 909
38 83
365 644
590 863
4 173
548 327
2 867
421 34
483 124
643 396
230 340
467 856
89 576
14 491
268 429
537 126
406 11
449 31
637 978
858 953
459 731
855 890
444 765
430 952
293 1002
31 255
703 955
222 835
873 102
549 985
51 909
748 88
16 643
122 408
979 114
528 91
264 568
970 491
772 208
24 366
983 535
311 233
13 938
1005 280
584 620
910 229
389 739
386 155
51 733
480 658
366 145
408 109
184 441
1018 389
372 951
508 42
834 911
919 634
798 920
768 19
995 1019
797 226
855 304
596 181
130 592
199 406
567 1000
646 16
798 3
543 40
956 73
390 592
835 981
278 694
915 223
401 104
880 892
413 964
516 930
361 851
389 357
963 882
763 462
219 483
211 577
335 16
710 337
129 386
565 130
561 491
678 874
151 504
931 644
838 268
240 587
817 868
253 1009
991 739
375 24
255 302
596 60
924 826
910 792
829 155
47 527
401 37
336 648
107 51
140 908
199 149
167 536
813 228
851 810
231 22
445 993
366 985
255 328
350 45
477 65
250 487
124 895
261 865
501 563
566 782
361 434
174 477
468 996
931 731
1016 631
982 484
699 280
351 206
588 961
709 242
130 142
134 736
170 766
883 530
419 1002
176 810
89 576
345 976
21 146
329 494
239 797
914 331
380 89
513 742
643 180
121 247
434 1015
454 914
769 879
659 933
880 674
895 97
797 890
682 285
1011 843
359 186
347 186
162 212
781 1007
896 77
936 468
879 779
529 246
544 116
450 866
270 97
893 2
793 773
322 631
1016 53
996 1010
370 193
822 971
985 977
672 863
999 1007
731 970
375 520
321 425
535 791
289 131
379 47
761 727
584 634
783 723
643 217
320 258
283 473
480 956
956 768
1014 463
93 857
81 368
1000 59
477 1015
156 630
362 309
578 20
1001 543
638 932
775 929
34 268
956 834
76 504
7 89
1012 419
257 1007
584 109
1023 785
804 195
722 995
262 470
459 945
662 944
922 316
718 258
115 767
1007 439
203 612
217 134
657 355
33 417
290 87
624 278
407 1016
1021 250
407 123
694 49
279 1008
993 602
909 663
228 141
484 486
366 422
196 164
952 20
743 920
207 617
368 441
228 737
472 900
753 421
966 1017
957 709
706 467
434 908
901 273
617 1014
960 712
418 51
274 220
508 700
863 374
296 410
652 982
311 12
719 461
205 490
819 951
644 199
643 885
862 175
794 146
275 537
408 84
656 112
845 520
337 75
999 137
1018 420
834 104
380 411
298 988
597 291
710 121
453 557
867 836
919 96
336 870
904 706
262 429
233 738
937 799
141 406
914 696
225 664
914 513
597 396
75 445
113 360
583 1015
698 817
79 475
214 973
600 171
169 46
80 826
309 351
940 285
728 101
541 64
841 712
1013 606
773 397
1022 379
716 124
440 68
918 273
446 763
760 82
36 182
48 575
868 126
766 487
698 953
890 884
968 377
547 108
161 862
999 170
309 767
953 648
861 518
325 453
981 692
986 743
689 946
970 464
465 150
368 433
562 873
666 262
870 979
175 504
976 722
79 51
607 308
275 933
432 787
515 233
911 302
690 533
135 714
119 176
315 982
147 575
322 388
887 215
844 420
215 818
429 831
560 422
496 823
115 761
98 101
737 711
633 884
924 226
561 133
829 37
105 565
716 30
503 880
536 316
768 874
85 236
356 14
212 91
447 817
213 344
578 289
638 654
255 499
783 307
775 894
133 588
979 697
133 405
415 854
510 14
381 973
157 926
507 705
161 742
332 425
507 281
870 599
785 84
426 552
13 330
47 176
801 98
136 978
146 89
952 151
123 353
263 75
1002 27
162 885
699 58
324 76
15 643
63 214
594 411
727 933
215 243
197 242
597 357
782 519
948 879
438 996
353 868
886 167
723 80
268 721
249 207
645 838
239 163
487 768
260 256
586 155
860 312
390 877
585 480
277 27
316 42
29 184
47 751
666 870
974 456
734 203
857 149
645 262
357 614
56 935
994 875
901 568
125 133
997 788
643 156
471 806
129 363
204 612
293 737
525 770
107 85
637 602
30 94
363 100
503 250
661 478
130 419
464 1007
995 254
792 875
232 605
208 938
574 429
9 997
214 552
815 482
781 942
930 553
865 502
355 781
419 759
25 1
911 316
112 451
719 630
661 973
80 297
299 247
65 953
893 831
90 963
247 769
122 400
186 142
47 762
549 33
684 314
368 1001
811 474
1001 382
778 787
973 361
534 938
390 1016
638 156
466 615
675 881
968 193
988 688
686 967
510 748
822 823
899 728
894 129
694 392
985 1018
310 98
68 322
906 595
755 367
715 1008
544 694
63 333
881 100
270 680
929 223
946 500
865 954
976 606
927 15
710 137
765 693
904 938
752 666
58 295
1023 527
387 156
788 360
99 610
847 610
286 496
818 429
332 98
195 85
585 247
913 969
266 417
792 963
351 401
906 471
561 915
774 841
202 132
622 146
27 523
456 35
772 581
706 945
787 328
914 602
482 14
196 444
581 892
906 943
398 726
347 878
595 276
899 65
885 18
181 759
81 551
535 292
252 13
667 546
519 723
739 1000
199 648
307 887
947 178
192 537
808 1
164 675
96 358
984 201
769 653
879 137
67 596
416 924
554 17
393 355
421 109
594 486
661 124
313 943
444 2
1023 0
949 574
250 339
420 18
518 728
362 677
750 170
132 12
753 193
649 589
643 1003
290 802
754 184
1015 597
902 254
26 62
90 858
52 561
422 835
460 127
932 112
760 711
136 594
730 358
682 260
435 78
158 244
501 112
297 1004
240 255
338 156
85 520
569 99
982 196
442 733
761 326
137 61
354 118
749 547
741 623
202 553
702 241
607 426
530 50
265 114
658 392
919 963
198 678
122 189
982 453
204 147
998 938
331 908
389 155
88 462
89 899
43 782
632 293
290 760
658 636
74 30
19 430
53 484
913 437
965 675
888 135
1013 474
811 664
273 63
258 304
582 1021
7 469
17 573
945 734
412 960
763 114
164 998
487 60
69 781
350 122
752 440
451 905
558 914
1016 744
112 791
445 131
785 873
150 321
697 929
439 260
613 637
155 530
213 396
134 770
2 995
752 37
759 937
960 216
924 107
1019 587
96 973
769 882
1012 422
915 274
116 22
316 23
30 1002
757 777
942 407
458 919
910 496
647 853
891 865
176 59
995 248
287 554
190 492
923 699
562 966
23 593
17 640
800 911
256 946
186 401
260 960
927 437
144 947
502 319
97 711
837 268
568 934
895 661
369 293
887 334
371 851
101 582
924 904
499 231
576 344
337 780
239 583
480 872
5 584
338 263
596 363
491 200
400 216
645 254
734 853
23 16
784 791
673 320
533 835
292 748
447 746
111 40
549 728
599 369
582 629
537 117
429 982
771 840
914 766
33 191
265 933
289 233
168 890
98 567
416 877
898 251
327 274
833 423
775 939
365 139
527 893
25 337
734 544
82 263
754 988
162 836
35 695
854 599
644 201
273 307
127 755
220 351
73 463
200 753
854 713
781 261
427 977
891 745
195 805
757 816
138 438
809 344
84 744
961 573
51 102
940 374
379 90
988 475
282 816
813 644
751 143
123 563
118 46
16 168
183 856
316 827
42 636
534 370
241 46
513 159
312 861
907 185
254 718
245 636
800 311
545 260
769 912
177 560
1022 341
450 199
102 297
979 92
418 834
1016 43
263 782
48 680
961 180
879 304
550 757
12 180
829 457
207 521
503 740
98 53
665 929
418 270
257 596
741 236
332 899
774 549
212 868
997 99
440 6
75 261
981 452
322 9
448 1007
371 928
776 369
783 914
338 703
866 810
129 892
947 442
113 565
999 650
278 420
733 148
1 996
498 986
881 688
462 359
569 300
954 523
417 932
274 87
235 233
653 543
276 735
575 812
941 724
144 170
705 200
0 273
231 653
876 369
877 962
106 699
122 283
510 244
350 225
813 368
451 842
736 725
300 784
65 568
159 349
987 334
928 889
319 150
193 466
186 600
529 117
744 198
447 810
711 808
15 39
871 175
184 699
33 321
709 1013
323 86
104 870
413 77
60 661
795 234
23 976
86 90
590 806
871 433
48 474
494 23
591 1009
426 30
37 856
886 733
631 79
244 77
322 907
498 27
669 78
825 842
933 373
325 333
687 746
618 77
893 87
703 59
392 303
917 198
821 1007
656 157
205 727
353 921
81 198
164 667
30 933
420 338
209 857
896 420
1018 50
729 544
768 1012
1005 714
456 392
180 959
20 352
11 564
125 652
967 350
239 116
418 602
775 2
878 115
36 1020
532 615
446 934
432 257
372 983
496 810
421 963
29 926
612 818
420 192
797 88
816 443
124 1008
719 528
954 759
814 596
795 853
542 617
186 533
82 64
86 410
978 124
943 100
845 317
3 992
300 236
209 991
838 960
46 769
616 27
152 1003
69 868
181 390
112 516
608 867
749 31
418 896
574 855
467 207
62 600
227 76
887 769
676 817
886 293
685 149
739 115
679 425
870 782
726 834
454 326
888 419
892 103
772 776
646 750
635 946
343 810
607 369
937 827
2 259
406 163
672 801
185 645
854 512
206 151
355 738
719 65
168 959
511 85
678 708
88 277
476 955
728 380
64 992
1021 519
880 798
330 438
916 378
118 580
692 997
361 247
637 175
893 530
481 559
527 662
530 983
984 385
894 319
503 138
204 482
200 204
547 1014
334 227
603 57
355 122
969 187
526 1013
937 883
1013 17
977 726
257 66
627 567
496 8
666 864
582 836
508 388
933 684
376 588
451 710
466 1017
782 1011
894 508
70 1000
958 810
99 919
915 970
1017 902
953 211
890 449
1014 238
1022 564
693 1013
669 338
9 349
224 4
351 828
907 729
599 846
668 379
194 3
447 104
475 695
218 355
293 588
107 141
631 31
653 199
419 469
659 70
378 996
674 192
851 793
285 338
643 991
920 392
120 953
715 718
90 902
22 348
836 117
147 947
52 873
817 445
977 117
20 166
791 487
337 773
200 976
484 219
900 75
274 456
553 954
434 274
275 906
181 493
270 94
549 849
615 212
731 535
958 781
397 751
76 379
107 238
762 120
643 30
886 794
85 741
494 253
969 783
971 142
967 789
789 1010
823 715
815 241
379 924
341 246
601 96
176 1019
426 954
161 712
830 701
799 362
245 54
382 866
960 302
540 163
108 635
247 304
932 121
715 502
352 469
551 266
670 273
963 367
200 401
900 920
307 564
672 117
676 786
280 176
995 333
525 975
921 63
244 207
14 970
1003 174
1017 58
792 488
289 369
291 299
787 358
405 477
312 273
926 782
774 98
997 346
350 126
613 711
202 452
1000 890
502 768
227 568
212 295
907 737
385 709
582 791
725 754
232 762
793 145
801 37
35 288
806 966
654 927
399 805
131 266
959 683
541 100
287 931
933 597
997 23
821 842
29 3
137 646
951 952
304 100
68 540
923 492
860 448
179 114
936 988
348 296
674 945
631 95
229 781
249 524
576 1013
963 693
269 374
708 0
193 1005
879 242
667 896
788 710
109 457
176 124
98 869
66 679
4 945
388 773
444 612
492 210
531 330
298 488
944 919
239 439
409 910
345 754
294 43
233 348
494 601
845 294
353 4
792 426
782 76
167 338
1001 990
13 756
42 229
484 925
810 139
757 43
200 928
613 136
1017 906
900 681
350 307
42 818
33 869
110 397
536 861
43 594
618 326
867 388
181 890
243 91
7 41
525 341
442 853
638 692
162 545
1015 265
913 396
118 314
310 225
527 537
267 992
647 598
26 236
53 557
615 692
542 107
193 915
921 607
128 784
486 349
79 666
708 728
347 977
35 124
574 679
654 132
755 254
779 365
260 1006
977 564
1001 252
764 850
122 331
269 183
131 707
876 39
905 691
88 382
30 632
481 85
628 895
41 853
83 451
434 61
41 587
520 0
35 872
602 818
559 19
315 279
635 123
421 155
197 948
578 167
501 816
602 711
774 294
165 47
147 931
946 600
984 508
397 859
105 647
563 482
402 803
1011 669
401 8
824 3
956 466
307 535
263 975
352 105
108 811
963 802
137 82
806 342
558 592
170 584
871 492
92 94
737 163
795 572
471 935
1005 433
434 248
48 800
259 349
884 221
54 967
305 24
953 615
30 618
274 76
982 131
16 953
17 652
300 410
735 190
997 870
730 178
971 697
803 111
909 74
1008 541
1005 260
58 559
597 856
136 89
278 737
890 749
436 344
40 398
914 839
967 621
37 230
768 121
640 704
881 192
804 984
937 808
314 161
999 124
875 953
595 734
546 890
728 429
377 878
876 288
556 610
758 542
541 998
357 553
354 190
789 25
578 885
370 60
381 998
942 25
720 456
2 302
623 631
544 759
607 985
437 963
811 718
802 197
120 765
181 302
217 807
31 474
593 599
612 574
816 215
891 32
745 996
1005 630
730 956
745 245
503 180
818 316
950 1009
229 175
428 228
110 461
981 734
137 885
386 880
913 34
775 14
420 866
912 308
385 820
402 961
141 757
817 181
182 629
919 886
686 223
222 669
1011 131
1023 423
152 426
873 167
655 237
387 847
947 432
94 159
189 572
852 600
950 99
371 792
892 475
333 198
978 77
1001 391
430 75
158 825
288 92
575 727
197 822
909 24
75 824
17 821
630 205
760 197
373 711
555 515
182 490
949 1013
970 865
906 196
368 33
803 163
442 775
21 992
558 236
987 483
994 246
388 831
848 598
965 937
681 21
789 183
945 507
211 454
278 96
87 872
702 799
148 276
835 545
525 389
814 648
723 939
298 860
433 134
788 631
805 874
736 183
392 819
97 663
488 701
480 491
44 485
114 695
474 522
37 69
718 202
576 104
698 124
4 216
556 941
722 855
150 752
87 467
918 639
815 783
11 845
1012 368
563 280
297 798
776 642
444 370
197 859
865 643
504 151
451 128
145 779
988 443
837 949
74 739
772 570
151 350
807 708
594 80
240 726
944 311
990 688
437 302
719 268
276 362
534 795
477 105
864 216
521 102
991 413
111 410
999 804
44 130
195 30
146 51
84 261
522 767
417 932
921 658
768 129
688 4
287 157
896 463
1020 861
405 681
279 176
244 498
878 64
432 134
321 965
376 935
516 178
357 508
583 235
607 704
527 832
748 262
720 284
883 221
349 700
718 785
546 868
714 835
817 651
114 9
94 735
542 127
460 960
234 959
703 166
791 257
623 94
1021 650
133 550
0 272
766 362
5 51
780 456
121 532
80 901
534 838
27 198
18 882
938 48
973 549
928 601
38 304
88 535
134 73
696 82
300 70
4 939
994 706
1010 576
334 808
540 907
401 924
740 962
50 400
346 61
1007 578
725 349
92 501
380 795
901 146
25 794
24 506
52 128
806 419
224 889
537 27
103 394
627 573
990 158
162 724
429 918
555 315
377 527
712 388
987 909
349 651
352 902
682 664
256 270
941 129
967 144
206 760
456 1019
579 148
818 702
965 410
365 618
289 84
658 859
954 198
250 751
98 322
912 454
384 136
1017 972
759 322
239 670
827 490
239 355
661 233
714 575
872 426
240 53
967 249
823 499
331 159
930 812
590 135
850 506
339 631
387 468
990 748
174 814
972 697
408 303
118 582
872 420
499 788
622 1023
756 888
775 853
977 299
741 203
623 802
547 795
683 101
851 754
931 154
266 570
965 219
145 1010
618 280
75 582
141 336
681 650
695 609
932 916
540 892
145 473
973 484
320 360
469 270
857 863
644 340
711 850
180 213
154 285
255 133
554 872
965 309
909 203
1003 781
694 203
541 545
236 706
260 170
534 217
146 694
465 412
325 160
157 939
881 277
195 403
351 194
685 822
796 736
908 674
906 358
163 645
649 285
62 557
587 271
924 718
1010 553
229 53
1012 298
637 534
950 198
657 918
736 909
518 585
941 859
965 193
492 364
503 985
82 982
587 970
680 853
921 510
813 290
528 1016
164 550
361 85
332 820
386 156
97 203
78 859
579 145
415 207
916 512
874 856
996 826
199 847
669 381
493 75
134 412
435 843
540 78
587 940
112 808
438 252
565 326
1005 703
622 930
900 814
363 395
1009 394
1015 775
903 334
363 257
440 623
899 28
254 56
681 562
365 403
955 113
19 943
313 643
575 229
296 487
641 36
132 908
203 1002
384 307
26 211
990 609
834 983
974 771
846 777
669 38
738 78
51 476
433 629
367 146
1016 1015
292 190
839 659
215 129
230 139
181 830
191 903
229 528
422 800
172 841
170 799
777 294
983 880
688 819
209 358
378 141
226 594
246 668
529 910
839 646
426 216
258 685
239 45
892 908
573 910
212 799
326 907
1005 349
233 826
227 452
796 875
766 64
339 455
557 190
417 751
298 676
637 833
723 24
218 732
722 161
274 491
227 830
819 786
167 498
955 603
204 376
574 466
968 772
77 946
481 897
199 703
951 180
446 491
268 940
451 862
325 449
846 224
862 566
818 149
843 668
347 561
556 49
305 141
229 214
558 214
110 377
488 954
932 664
828 220
888 432
225 828
97 12
290 771
374 62
829 140
1018 546
948 284
775 651
954 909
644 336
358 42
431 12
100 784
84 267
543 891
245 503
1002 122
453 296
868 351
342 868
193 570
406 12
456 566
150 548
916 487
321 16
535 978
7 477
389 285
126 330
231 294
780 736
255 958
909 689
696 130
326 311
218 778
817 85
767 950
450 306
216 836
176 415
85 799
107 452
705 954
406 345
927 76
418 796
992 378
117 618
589 872
962 142
171 415
843 85
346 323
183 826
352 797
253 409
357 214
943 546
662 671
918 157
534 834
375 607
302 814
969 771
291 741
898 412
178 533
726 82
930 303
630 51
275 196
329 48
430 984
808 135
483 26
369 262
830 464
389 57
848 980
903 945
800 272
590 548
583 582
956 677
656 936
641 389
570 45
346 198
319 561
480 104
951 765
834 98
432 385
623 176
897 283
405 710
180 1001
570 599
500 692
268 936
898 16
847 113
637 976
874 875
964 377
931 53
168 543
280 657
712 1011
589 187
605 702
764 165
954 865
933 628
722 998
161 687
924 820
954 645
463 529
202 738
827 1016
474 745
206 52
469 59
787 150
835 369
617 882
145 855
108 406
460 398
64 442
433 366
629 874
220 79
128 77
892 800
546 276
131 445
496 1006
970 379
175 194
175 658
159 200
637 1001
695 887
345 115
206 80
984 723
602 871
1003 673
365 901
941 821
215 817
495 21
315 525
963 152
305 1020
640 980
540 149
846 355
762 760
11 744
850 766
322 414
264 523
879 745
730 567
871 697
642 911
900 96
449 72
257 353
963 739
548 803
925 683
940 482
803 663
464 373
277 89
625 599
1007 936
300 835
878 551
341 362
424 301
809 499
758 1016
946 530
854 959
95 740
177 777
236 669
203 998
414 224
103 200
183 963
359 885
676 538
535 973
108 494
60 565
181 915
498 742
285 606
126 883
875 680
667 421
970 543
496 788
216 686
955 834
591 241
349 275
885 414
319 375
738 234
228 850
628 823
1014 304
386 148
145 305
246 849
344 1011
394 774
139 700
171 457
444 472
462 67
225 994
65 613
124 516
798 773
658 673
605 648
574 953
161 881
337 389
953 568
537 251
752 936
697 818
170 615
342 787
407 392
961 12
928 175
274 797
885 412
274 281
178 618
781 493
517 192
224 943
925 623
61 776
608 923
44 513
940 384
326 939
46 347
217 51
190 878
670 672
125 797
461 958
697 904
273 714
713 297
74 188
124 175
468 864
590 857
779 158
557 151
426 837
267 727
622 958
875 267
898 384
78 713
257 857
253 222
986 946
294 65
171 539
782 85
895 137
352 0
248 652
82 261
165 496
486 63
279 26
324 521
98 966
489 235
278 514
772 43
190 714
725 58
900 661
126 560
720 1
588 63
446 638
825 272
482 930
164 468
349 752
25 170
785 270
733 733
665 867
1008 490
807 711
832 293
94 502
448 89
683 603
533 323
931 317
984 78
607 544
510 49
216 888
82 871
449 819
809 601
130 421
422 305
637 858
649 320
745 224
867 854
442 607
960 588
676 993
438 967
982 748
783 58
973 484
252 725
626 1018
733 280
986 279
780 870
552 442
377 856
94 967
910 446
1019 331
303 872
1007 356
534 643
541 985
74 109
880 391
571 211
686 926
163 687
618 701
841 178
1016 176
991 692
400 669
67 499
170 810
1022 560
977 245
258 359
327 70
476 110
217 814
882 156
731 738
487 781
849 601
107 261
139 355
123 293
550 240
108 145
566 256
505 351
661 807
839 778
33 423
186 25
253 593
896 689
598 1001
214 439
4 60
475 902
953 804
205 159
762 863
575 315
140 787
317 218
296 242
944 739
129 984
702 664
842 236
56 16
576 842
817 445
950 695
67 81
256 345
711 646
765 292
98 217
216 1011
662 351
442 1001
747 267
865 530
52 977
67 1006
555 349
48 45
636 836
502 118
367 934
576 752
269 564
207 462
860 480
1015 577
255 285
147 936
120 386
888 213
756 849
64 815
402 97
640 929
934 565
489 29
928 459
258 734
186 345
400 608
961 200
930 13
179 411
974 136
830 322
437 985
471 939
22 637
753 111
886 300
105 439
852 984
286 570
372 205
374 829
927 161
483 118
966 731
695 302
389 378
372 666
146 542
404 677
462 947
168 487
266 6
129 6
810 597
952 789
152 782
623 403
707 612
596 361
81 525
64 669
319 850
619 141
486 809
180 754
616 741
404 239
318 670
380 12
755 171
778 656
555 71
326 379
330 662
745 410
519 620
436 556
354 634
865 433
919 899
947 577
595 895
391 827
234 248
659 159
846 978
242 33
490 880
104 670
871 948
585 926
435 904
19 654
924 287
574 806
889 180
25 440
990 896
99 251
990 418
921 299
109 607
488 808
78 778
72 671
201 356
612 22
557 746
912 709
636 823
95 652
39 528
221 76
24 109
861 16
918 961
302 379
1009 668
60 614
195 828
790 488
741 810
993 555
1012 316
870 694
392 183
953 148
158 851
868 668
946 389
461 825
872 281
232 140
469 952
392 834
495 931
265 437
535 100
351 115
402 837
71 403
859 780
27 528
792 824
41 692
559 978
106 190
428 12
732 790
962 453
280 11
162 1016
644 698
756 498
370 281
399 869
23 280
737 683
643 111
507 574
480 145
301 440
672 655
116 750
167 747
263 257
501 520
1019 0
311 698
606 917
934 335
19 421
194 727
78 658
56 587
584 957
745 927
465 257
1006 812
151 68
172 531
61 1020
267 330
401 367
742 479
174 982
682 534
372 841
62 626
169 196
955 404
252 217
778 693
379 984
276 15
974 933
866 400
85 394
262 833
941 851
413 835
319 718
555 447
329 291
90 168
975 697
693 325
920 522
843 402
47 285
405 530
371 869
159 841
591 596
629 146
88 738
50 275
753 986
319 356
151 674
729 496
95 505
753 661
560 975
401 139
641 903
231 846
46 4
783 686
943 814
223 318
703 33
1020 267
362 656
443 144
242 996
153 750
671 380
563 244
611 886
238 129
860 906
992 707
872 581
140 695
920 837
572 421
990 919
157 250
892 197
857 0
113 568
127 363
963 918
35 367
83 13
328 64
244 660
912 479
645 828
836 620
637 635
721 418
625 681
829 321
370 817
50 40
693 430
524 806
333 140
583 799
577 867
632 355
864 851
845 36
905 201
752 120
413 975
213 813
655 311
649 732
208 549
240 204
388 990
364 171
462 123
72 325
528 375
521 721
848 956
989 450
950 100
164 82
142 188
1022 312
807 996
733 985
86 130
183 443
885 725
377 273
906 856
555 149
440 201
927 855
466 542
997 254
985 940
843 660
791 624
40 845
25 914
332 744
68 943
673 811
1 941
894 659
681 262
1011 459
141 813
30 529
65 282
432 121
461 516
506 252
514 494
893 442
885 291
803 39
195 9
121 395
97 693
60 486
719 77
859 426
476 620
858 124
257 1018
567 1009
685 736
721 275
11 743
2 902
396 714
970 610
156 640
630 8
259 418
1019 466
513 792
841 482
531 338
982 200
376 496
936 376
60 788
510 152
623 445
752 213
75 59
509 643
272 1021
804 469
172 733
476 300
1000 767
310 344
217 966
293 921
867 571
144 647
481 376
55 193
289 845
724 791
963 618
957 413
9 705
159 80
512 889
588 125
904 507
413 201
329 860
182 499
964 1013
395 224
282 304
507 941
132 738
695 188
859 884
145 448
574 721
736 389
804 478
417 351
636 815
838 511
204 588
877 792
920 547
193 461
111 681
130 472
181 1
535 56
587 105
600 140
477 797
513 194
773 102
919 139
249 707
857 89
832 983
895 439
582 791
172 12
445 96
357 413
812 930
513 52
245 64
169 435
368 628
91 78
649 1002
376 226
146 533
152 984
725 8
807 332
116 852
473 265
28 825
786 633
126 180
732 743
556 932
906 565
938 676
181 401
662 486
226 664
493 957
588 403
366 206
1 854
98 330
589 138
203 965
300 949
366 139
333 110
364 309
60 78
347 1014
656 496
486 334
384 257
98 776
638 821
765 798
890 48
222 497
582 742
877 39
175 170
434 903
155 318
200 549
697 163
370 222
895 358
855 909
457 522
951 580
274 585
150 649
405 818
734 870
786 866
94 766
611 577
913 854
80 609
999 847
696 152
932 637
462 64
489 235
646 511
421 768
117 755
898 160
133 288
780 584
905 10
262 644
415 61
834 523
34 357
916 382
42 422
391 962
263 445
328 133
673 778
639 209
661 856
462 890
986 713
1006 863
585 104
261 475
767 21
262 930
850 877
33 305
93 744
51 630
700 344
204 1013
600 954
687 786
66 182
923 19
812 512
281 1009
934 257
905 525
841 745
192 283
713 885
591 865
319 254
161 369
585 681
348 291
101 654
795 935
7 526
500 887
191 828
979 632
432 504
43 521
902 301
134 92
435 423
686 177
761 189
594 880
812 606
232 332
944 178
875 74
517 59
819 1022
480 325
603 935
431 431
971 180
929 664
501 811
411 784
899 98
917 319
454 108
133 403
52 835
447 140
64 375
364 189
677 319
524 109
163 710
1 239
604 311
657 94
25 341
375 697
340 1019
227 660
537 314
735 397
112 899
800 974
441 928
247 635
499 95
658 846
184 515
129 6
24 725
433 460
718 474
511 606
483 622
12 446
392 853
624 840
316 47
998 207
112 342
708 13
729 333
364 316
325 53
707 145
679 107
62 97
48 1014
715 263
719 141
660 394
32 174
422 638
377 788
110 212
548 624
275 79
47 693
33 653
489 1007
104 345
161 83
825 92
63 953
793 867
404 1017
57 808
719 520
854 153
109 259
417 154
299 912
612 897
66 762
51 726
943 408
837 812
182 1015
372 239
866 551
150 250
153 445
777 272
729 766
766 210
249 89
313 443
277 63
536 122
550 968
93 388
749 953
62 629
764 67
813 783
386 991
632 820
339 961
273 509
969 255
384 53
810 872
921 362
566 513
876 25
547 49
635 853
126 972
53 184
828 290
974 390
346 951
673 261
1001 780
800 752
925 3
413 64
416 255
436 516
938 1000
71 558
861 620
886 716
30 677
533 235
114 797
547 51
81 459
950 741
605 52
176 369
971 633
174 361
639 109
334 163
714 575
881 354
114 1019
197 394
466 38
590 819
804 458
918 668
72 975
799 327
295 410
856 439
647 147
757 256
372 728
931 341
835 291
898 469
106 138
706 664
602 918
306 9
492 22
128 10
1003 106
156 94
380 813
900 346
388 187
61 538
326 246
621 225
475 972
428 466
491 963
205 406
404 381
257 307
459 888
186 288
661 836
656 45
959 405
344 816
756 870
74 629
2 174
776 83
21 598
495 22
382 721
895 586
944 434
111 619
711 635
708 214
144 546
17 300
168 261
136 248
288 328
55 401
743 1007
659 370
700 960
850 406
670 882
981 816
579 827
216 501
148 297
860 483
314 698
806 718
143 675
226 470
889 39
816 559
517 619
733 59
396 838
522 414
945 26
241 688
593 749
368 563
4 874
667 162
994 848
930 164
37 508
83 300
979 1008
243 447
647 231
66 796
311 907
965 715
961 654
206 531
424 334
621 392
111 507
17 424
255 1010
811 312
250 586
575 282
909 792
962 420
121 865
777 140
849 386
157 694
459 70
795 200
848 1000
609 21
423 756
267 6
663 971
898 876
898 779
1016 723
575 529
545 641
925 123
611 454
694 890
164 368
646 532
64 877
97 582
608 275
973 900
343 686
441 843
434 52
1007 257
64 155
185 939
867 48
100 330
673 630
886 184
109 764
174 966
827 588
757 825
562 884
204 239
529 72
843 954
263 757
881 528
399 77
84 239
876 802
543 1018
291 251
811 341
229 777
998 875
764 211
451 837
475 97
718 54
725 218
730 527
286 464
121 890
323 44
911 776
187 108
1009 702
873 801
501 980
949 480
820 417
18 209
102 786
119 824
123 811
480 348
172 804
569 94
25 139
212 772
861 690
847 369
114 681
15 619
41 88
657 227
220 777
495 707
649 5
868 555
154 670
786 26
309 923
622 581
690 445
307 878
817 141
735 20
738 928
440 786
863 546
906 294
219 99
302 420
500 920
665 382
689 365
607 687
394 674
336 825
648 933
885 530
21 94
902 447
50 140
466 749
222 833
359 5
825 731
890 152
916 386
193 792
580 960
91 200
22 388
769 337
710 323
86 740
483 1007
504 202
708 351
350 167
329 770
940 726
82 973
85 280
533 295
905 371
314 903
835 444
562 870
181 664
565 13
840 103
815 847
227 866
411 995
864 499
52 201
227 787
546 353
889 902
952 891
380 860
629 387
129 549
521 416
1019 370
594 640
1020 440
540 635
903 241
214 327
66 111
200 982
747 953
113 416
861 913
995 479
551 208
866 848
43 217
854 284
422 655
9 53
884 435
253 867
0 537
735 556
537 383
126 82
52 185
432 1008
641 786
140 693
472 220
282 106
635 895
651 603
872 442
268 137
810 358
666 187
354 303
53 501
965 328
927 178
79 53
45 359
491 480
489 935
82 924
738 690
629 272
741 664
680 293
162 1023
27 656
423 82
47 122
794 790
84 969
145 1008
449 208
380 290
704 349
923 953
802 579
509 974
776 685
716 853
216 459
801 349
336 101
664 991
292 853
651 707
396 172
56 385
619 91
503 894
301 816
896 256
131 182
563 885
273 1
579 623
675 45
1017 63
308 30
423 620
130 399
26 934
77 432
532 742
46 637
186 79
531 9
346 689
967 609
891 444
605 274
73 188
231 175
379 899
751 676
659 150
863 105
205 792
72 344
659 913
557 93
783 788
341 27
385 788
207 53
369 1010
165 109
989 332
592 896
735 779
521 952
340 973
889 917
50 711
579 592
372 499
20 972
1006 906
245 142
21 248
903 86
623 710
67 319
243 612
971 391
156 396
1016 311
355 605
610 299
624 891
73 573
173 727
666 62
801 285
17 195
402 744
312 297
709 510
29 434
955 193
947 312
1001 764
315 434
427 187
997 71
738 72
1021 406
203 651
165 637
873 446
174 74
1 225
628 162
362 995
996 22
320 62
28 778
603 21
627 622
836 877
77 314
99 461
716 873
223 49
981 372
42 925
985 401
599 893
1004 668
911 190
507 266
81 800
794 411
539 605
47 152
742 358
644 328
173 1023
45 497
148 302
791 875
974 574
917 392
392 882
745 836
620 859
1008 454
819 350
27 532
712 779
641 231
926 51
288 778
939 501
918 628
993 780
804 376
197 389
400 629
41 34
215 426
221 882
375 163
439 821
113 797
39 370
441 277
35 958
132 231
633 685
973 254
94 480
489 807
380 896
102 249
997 642
849 822
799 358
398 105
812 870
924 673
1000 276
604 155
557 495
455 124
780 944
950 350
851 702
603 429
614 481
940 387
343 955
408 143
779 264
886 907
911 511
944 831
739 1010
958 621
95 927
841 276
503 989
230 477
235 920
134 838
612 817
1 461
825 414
895 234
390 994
683 182
363 450
734 299
377 914
349 588
43 703
589 682
831 619
779 440
834 650
271 363
290 897
277 215
980 559
644 775
450 211
210 405
788 856
150 204
673 459
16 174
553 381
3 479
728 894
246 717
1016 808
661 879
20 294
1010 473
287 916
973 663
1005 795
401 618
571 237
894 495
300 984
587 84
625 742
515 837
509 182
748 405
422 773
83 722
677 152
668 714
291 123
34 479
340 934
814 203
29 540
867 9
703 473
626 99
475 993
18 977
815 98
242 329
555 836
776 337
329 1004
847 735
943 983
503 502
977 883
0 883
321 692
590 128
260 227
268 627
690 560
198 381
759 838
745 727
546 308
540 699
131 139
229 454
13 861
650 634
543 606
113 550
605 621
928 786
127 995
96 279
851 18
709 779
548 900
641 832
133 867
848 408
456 832
532 105
94 225
637 772
417 956
72 221
57 266
614 842
8 900
100 923
846 938
492 916
313 732
296 16
98 397
796 99
776 986
381 380
694 415
463 317
609 898
830 857
838 673
135 607
815 190
621 282
843 374
432 664
408 931
638 136
173 667
822 762
130 509
763 139
641 755
356 33
174 17
533 732
802 701
846 332
211 685
795 238
67 275
422 679
953 580
97 67
559 932
19 386
1006 491
77 154
261 134
364 889
716 960
701 139
856 63
376 793
505 862
86 611
886 919
523 209
820 901
947 145
97 415
158 666
569 826
220 647
531 74
621 289
209 69
106 501
619 842
1 114
630 566
393 284
38 0
170 391
951 1014
966 799
612 892
971 673
909 47
685 169
509 1023
476 167
590 352
800 874
224 303
20 694
980 969
610 162
957 565
562 860
567 708
935 537
189 390
85 254
183 79
74 128
977 6
939 358
451 997
226 190
611 988
209 256
379 78
841 215
219 1007
719 165
182 575
483 1005
159 302
511 999
863 838
117 649
52 449
1021 429
841 261
458 135
220 870
892 416
63 753
192 452
362 91
749 322
370 857
352 234
274 776
277 645
556 211
702 365
562 870
93 643
682 156
782 680
714 299
586 143
609 885
20 404
281 754
951 270
116 123
44 152
1011 908
826 275
547 638
985 671
396 102
469 60
761 962
940 934
859 488
221 99
547 61
464 831
117 878
459 858
659 135
152 773
567 699
621 16
511 915
550 40
760 98
510 47
78 787
251 382
508 832
798 445
866 101
1 250
319 820
744 607
882 970
26 451
9 747
317 197
24 873
73 392
242 929
811 87
541 783
643 101
115 829
260 249
198 945
240 546
842 342
735 773
41 669
319 912
855 766
999 252
266 400
463 574
1013 300
214 37
780 774
709 438
130 581
13 530
663 274
290 310
224 748
507 183
267 623
657 2
789 53
730 452
642 1006
849 605
321 777
14 335
870 650
52 585
644 1021
288 93
522 400
141 614
125 716
253 122
673 1018
893 33
217 840
361 168
416 940
905 600
730 915
672 857
997 789
417 576
353 500
216 52
155 970
295 97
566 569
684 137
56 144
68 704
706 838
2 226
48 340
257 274
937 744
485 742
441 959
341 80
156 131
146 402
168 91
737 306
976 787
882 395
25 356
592 195
75 8
84 677
489 426
325 288
153 115
707 277
669 312
140 64
935 955
78 774
150 40
452 141
688 428
108 115
281 773
110 615
588 179
256 23
638 672
544 19
102 833
393 277
300 72
87 266
348 700
428 465
619 590
1000 355
901 419
389 60
315 361
60 128
188 933
112 838
745 387
739 480
150 213
365 793
453 1003
831 165
414 190
992 715
166 604
20 238
627 748
306 690
694 159
788 372
807 296
292 681
135 900
357 844
852 456
705 318
885 516
373 378
1000 920
415 243
858 247
468 469
987 827
440 32
430 978
744 620
140 765
686 834
176 635
457 968
208 1023
629 921
219 97
750 887
620 547
75 48
78 947
916 595
33 392
965 400
242 80
612 781
779 970
475 900
279 325
956 73
872 102
812 967
372 813
105 624
726 512
402 57
691 317
112 580
406 921
4 312
717 615
359 63
487 60
154 180
143 843
645 280
732 125
198 563
636 89
223 526
327 945
813 301
855 380
777 673
425 290
618 871
113 776
440 706
934 242
805 483
931 341
228 394
406 827
944 183
1023 448
654 14
698 728
7 208
299 916
824 183
846 277
133 207
560 36
777 76
770 710
994 289
999 450
263 353
201 406
343 612
468 995
893 567
108 979
934 826
360 378
607 434
660 942
1013 6
510 40
831 698
44 900
139 434
552 905
999 694
705 37
987 710
978 249
131 1
974 701
772 263
755 287
865 420
668 435
971 641
550 847
152 805
609 629
354 132
652 449
108 584
852 600
966 35
146 173
672 3
675 556
1007 346
512 834
1002 746
595 832
883 789
308 567
565 470
347 738
767 635
816 77
572 78
388 494
829 283
830 970
263 587
810 289
422 327
358 425
556 286
235 882
56 311
153 633
637 844
115 57
198 123
11 1011
543 348
571 54
125 659
419 666
353 321
690 753
852 628
264 0
837 368
277 466
722 201
98 943
142 405
436 499
526 758
242 249
181 227
863 1002
948 566
973 793
301 775
886 499
172 174
40 914
826 441
14 80
797 393
788 631
175 869
154 891
143 689
463 830
637 726
901 207
858 441
756 991
442 788
421 712
1018 643
954 203
485 465
73 1002
29 764
311 784
1008 84
23 725
269 93
139 797
745 192
209 64
764 716
959 262
621 158
733 851
8 506
990 195
44 815
867 741
370 13
474 919
799 755
992 35
164 185
610 61
389 887
97 950
257 552
681 429
710 668
58 912
662 761
434 773
672 74
41 523
776 262
813 411
516 142
772 664
975 478
959 379
33 632
880 160
61 189
162 792
465 531
680 362
942 312
963 703
961 719
467 1011
822 682
506 247
837 487
67 39
482 1009
570 875
193 590
184 327
409 860
793 517
974 777
169 998
835 746
703 518
95 449
385 350
252 321
649 1014
192 829
740 586
166 15
390 113
182 661
293 832
975 368
1000 326
400 223
329 248
162 434
420 825
289 122
124 605
842 805
632 253
162 80
942 1022
350 922
409 565
714 375
894 362
695 384
361 860
765 850
537 165
57 95
975 660
1011 507
911 933
668 117
369 351
863 408
265 674
412 283
177 722
113 659
620 579
348 101
768 61
88 541
644 619
876 454
412 268
418 101
874 134
862 498
972 751
642 33
5 405
184 663
914 346
330 112
309 979
614 295
428 121
935 874
229 191
52 488
563 798
799 521
648 460
668 733
127 718
398 438
377 404
622 350
56 362
712 147
55 281
209 135
425 955
326 119
561 518
133 333
616 883
114 619
647 954
844 853
911 29
47 184
516 897
540 7
307 719
557 622
489 697
823 285
761 120
249 598
55 574
593 267
379 562
426 511
344 566
23 168
485 868
514 24
354 864
1015 802
261 255
102 546
746 773
234 122
39 645
6 554
378 751
977 41
431 934
760 541
127 319
803 261
497 30
704 46
384 873
48 814
316 88
649 542
545 229
485 823
124 801
286 328
813 656
713 349
598 259
806 498
704 934
822 448
266 394
200 866
418 66
625 56
760 791
203 420
832 423
693 219
578 184
257 771
340 758
699 624
245 439
985 429
312 719
601 134
419 821
985 576
1013 5
630 772
363 496
233 758
525 764
613 712
893 118
557 535
860 467
433 762
479 953
540 500
984 237
489 580
974 122
987 679
277 1021
716 805
611 125
670 953
288 448
79 771
100 962
251 373
870 870
124 784
360 159
414 148
966 897
530 251
368 706
769 280
161 337
520 838
302 904
140 657
266 449
524 358
714 841
670 633
325 976
491 878
970 194
960 415
198 85
795 631
489 1015
365 952
887 70
896 762
378 587
690 144
363 1014
354 943
773 182
782 798
337 577
561 324
331 809
727 245
205 280
968 624
167 43
466 57
597 663
424 201
986 506
923 38
75 478
77 398
573 606
162 280
175 160
1012 596
246 20
791 161
315 1011
461 5
44 205
890 46
181 49
217 845
383 920
351 118
712 870
1013 410
1018 162
826 836
110 865
547 520
730 354
585 71
76 10
279 34
876 1002
334 877
564 987
729 416
891 610
957 985
466 808
264 667
247 614
217 487
526 365
580 600
269 943
739 420
67 503
61 610
57 881
817 303
372 901
85 862
875 423
718 872
708 885
437 357
544 1023
465 412
521 1009
822 762
416 829
878 640
135 878
869 151
655 829
142 298
332 59
705 7
238 983
279 96
802 790
138 436
939 70
847 22
757 766
308 305
97 482
946 690
243 569
941 618
755 926
923 642
653 275
4 510
626 247
308 209
432 685
937 576
24 422
2 50
1019 126
261 69
289 1001
108 155
179 562
236 128
689 757
505 374
556 918
687 907
82 563
1012 380
851 755
911 64
362 1018
934 225
240 207
188 213
747 542
119 785
709 997
762 945
924 635
59 506
970 18
18 637
942 836
610 335
813 483
978 833
291 677
9 364
106 991
947 820
69 735
115 472
258 378
726 338
131 953
994 15
353 434
908 142
433 828
306 499
551 1022
292 226
477 514
52 725
356 917
11 317
760 887
1003 250
898 680
172 733
453 843
488 531
761 883
987 586
840 7
510 826
403 93
968 665
671 956
526 362
414 349
868 810
284 391
160 839
28 990
461 566
550 117
45 816
128 964
289 436
991 838
132 341
513 754
262 119
339 591
52 162
727 999
363 715
931 124
83 407
942 292
57 234
951 662
962 569
921 518
158 288
140 155
594 249
196 980
788 430
750 713
206 199
409 965
138 184
869 665
390 652
94 583
22 525
253 363
962 379
359 519
892 305
765 263
31 239
30 295
217 172
146 563
129 169
836 74
834 183
233 533
235 79
565 620
835 309
193 111
28 481
835 385
117 544
882 871
858 775
443 846
707 868
199 65
897 855
119 914
588 766
956 426
641 718
503 174
419 873
761 796
748 639
472 534
468 594
613 185
690 388
238 964
42 2
14 201
968 550
87 503
856 17
360 706
908 450
664 155
633 123
761 519
629 121
466 810
211 181
343 742
702 451
730 293
241 361
969 886
327 242
525 8
288 414
390 29
290 404
577 933
106 619
717 290
68 530
151 1
671 875
218 920
793 57
319 892
247 371
589 568
270 295
665 578
260 254
582 482
49 295
438 323
400 466
478 966
925 442
439 164
875 744
615 209
679 937
454 1014
37 499
771 753
674 72
447 132
42 688
77 937
710 360
342 614
947 311
279 817
798 330
712 961
291 404
762 869
146 66
570 806
857 228
648 885
556 522
927 689
623 63
757 85
822 179
966 821
456 811
414 420
958 173
1020 145
413 579
828 911
743 271
110 366
50 57
665 211
512 835
598 723
428 99
156 37
824 701
284 571
353 74
395 689
35 541
905 69
733 426
421 80
77 263
448 898
550 250
845 61
735 566
712 600
104 837
1015 1011
243 240
3 38
682 1008
87 299
399 928
756 1022
147 767
364 17
811 146
249 81
826 193
402 922
83 548
119 845
273 920
755 244
586 862
302 668
42 586
695 495
484 618
864 266
641 250
748 961
831 725
849 149
367 2
865 163
647 956
762 877
88 719
129 591
700 387
293 484
205 767
824 974
681 150
488 272
436 340
528 949
826 963
910 947
202 163
322 697
225 116
540 204
246 561
636 999
668 821
1 179
708 18
323 847
646 3
31 767
698 132
501 307
845 585
964 176
629 706
417 938
598 916
88 908
782 226
640 872
591 85
164 945
210 389
346 74
930 677
216 329
567 283
835 769
458 528
468 727
926 691
791 95
946 629
418 965
188 103
125 208
394 34
976 487
896 25
606 834
442 614
628 559
558 466
652 800
225 217
883 970
104 295
736 900
602 616
70 211
289 620
444 657
682 528
89 32
81 451
215 599
755 107
810 921
1016 146
1018 538
56 782
424 8
34 443
53 875
85 464
520 143
720 271
134 116
939 656
956 849
792 814
974 190
169 348
983 199
75 449
127 894
281 218
748 265
750 500
7 867
986 326
968 845
548 472
156 402
299 350
141 424
285 568
225 801
211 117
25 694
571 625
682 147
339 801
655 954
39 248
1012 759
960 462
437 270
184 891
175 945
615 183
792 472
232 537
716 117
180 781
666 998
830 60
463 962
754 0
412 140
8 557
651 856
881 735
52 791
769 197
392 184
672 132
28 915
29 646
523 285
790 522
117 881
586 330
998 803
434 218
364 728
228 473
485 798
716 23
689 911
971 896
323 236
519 731
1014 655
992 850
785 880
408 400
941 50
914 322
501 140
605 838
953 894
697 824
267 544
950 660
507 752
401 193
225 983
812 901
109 400
36 920
730 77
839 77
656 936
451 890
402 89
329 82
278 327
655 653
305 1003
1006 764
631 198
332 726
1014 988
537 147
306 953
911 256
772 878
63 70
670 933
916 140
156 857
74 833
50 398
921 173
495 92
593 691
156 900
201 304
809 215
187 329
837 235
584 755
368 941
306 739
626 79
810 878
526 224
597 925
528 983
815 147
542 110
990 233
155 671
1007 743
627 914
587 347
527 908
237 650
324 831
344 457
732 689
250 111
314 109
609 386
175 271
255 471
268 698
584 252
767 647
925 290
769 203
953 390
979 931
908 868
408 238
895 460
464 462
1009 658
189 700
134 448
551 696
802 442
96 68
580 284
317 947
173 98
23 874
827 369
748 898
7 636
922 516
1019 364
643 123
736 433
262 165
323 200
927 1010
617 376
363 860
789 543
366 848
762 1001
1005 734
248 257
625 98
992 389
710 107
677 560
583 982
943 683
903 131
800 33
322 781
192 357
590 666
347 661
546 18
969 614
1010 557
701 94
737 940
792 706
378 191
800 418
225 619
25 459
621 900
165 782
1001 518
859 773
734 897
106 288
54 653
657 542
848 457
911 270
921 402
34 27
96 653
264 250
868 427
622 59
436 629
656 600
526 1012
775 392
465 5
40 37
759 369
138 327
587 934
264 672
808 808
53 352
44 57
746 628
700 781
162 519
782 177
689 128
274 205
892 394
273 1000
20 692
357 121
484 16
898 912
852 974
60 669
10 572
949 141
685 136
927 110
28 649
100 979
478 975
427 283
953 540
25 871
972 372
