1000

5
61
6 14
1 0

3
13
1 3
3 6

5
47
12 23
29 23

5
47
25 27
14 12

4
19
8 3
6 5

2
7
1 3
1 2

4
19
1 5
10 5

4
19
3 14
10 3

3
11
7 2
4 4

4
19
0 8
11 6

2
7
0 3
0 1

2
7
3 3
0 1

3
11
6 7
0 1

3
13
1 5
4 7

4
19
6 8
3 3

5
59
26 15
25 9

4
19
12 11
13 9

5
47
27 30
2 3

4
19
1 9
11 12

4
19
9 13
15 8

5
47
26 31
10 8

2
7
3 1
3 3

4
19
13 1
15 11

2
7
1 3
3 2

4
19
11 6
9 10

3
11
2 4
3 7

2
7
2 1
1 2

5
37
14 18
2 17

5
41
18 27
14 21

3
11
2 2
7 1

3
13
5 0
5 2

5
41
19 4
9 12

5
61
27 10
2 7

3
13
4 6
5 1

5
37
23 22
23 4

3
13
4 5
6 6

4
19
1 4
8 7

4
19
9 14
5 2

2
7
0 0
0 0

3
13
6 5
6 3

4
19
8 12
4 3

2
7
2 0
2 0

3
13
3 7
6 3

2
7
2 1
1 0

5
47
17 3
7 1

5
59
6 21
28 21

5
37
13 18
15 2

4
19
8 7
11 9

2
7
1 1
0 1

2
7
2 0
1 3

5
41
19 30
24 29

3
11
6 1
0 2

5
47
18 18
29 0

5
59
15 8
8 15

2
7
0 0
1 2

5
61
25 27
22 24

2
7
0 0
2 0

3
11
4 3
7 4

4
19
6 14
13 12

3
13
1 4
4 5

3
13
7 1
0 6

3
11
7 7
6 1

2
7
2 3
2 1

3
13
2 7
5 5

3
13
0 3
7 2

5
47
9 18
2 4

2
7
1 2
1 3

3
13
7 6
1 4

5
59
22 12
23 8

2
7
2 2
1 0

3
13
7 1
6 3

5
41
30 5
19 26

4
19
4 3
0 5

4
19
3 14
12 7

2
7
1 3
0 2

2
7
0 3
0 2

3
13
6 5
0 5

3
13
2 3
1 7

2
7
1 2
0 3

5
59
12 22
9 28

5
37
15 8
4 28

2
7
2 1
1 3

5
59
13 6
20 19

4
19
5 2
5 12

3
11
6 6
1 6

5
41
12 14
27 18

4
19
8 9
10 14

5
37
5 24
7 6

5
59
5 29
27 30

4
19
2 8
8 2

3
13
1 0
4 2

4
19
9 2
5 14

4
19
10 13
11 8

2
7
3 1
0 3

5
41
31 13
2 12

3
11
3 7
4 1

3
11
2 0
1 3

2
7
2 3
3 2

2
7
2 1
3 2

2
7
2 2
0 1

2
7
0 2
0 3

4
19
10 10
15 9

5
47
10 14
30 19

4
19
3 4
1 13

4
19
6 10
12 10

2
7
2 1
1 1

5
41
22 23
15 30

4
19
3 1
13 7

2
7
0 0
0 2

2
7
3 3
2 0

3
13
4 1
6 2

2
7
3 0
3 1

2
7
3 2
2 2

4
19
10 9
2 2

5
37
10 15
18 25

4
19
11 10
2 10

2
7
0 0
0 3

2
7
0 1
3 2

5
61
6 30
21 31

2
7
2 0
0 1

5
61
0 27
17 29

5
61
23 16
3 5

5
61
5 12
28 12

3
13
5 5
3 7

2
7
2 3
3 1

2
7
1 0
3 3

4
19
12 7
14 13

2
7
3 1
3 0

4
19
7 9
15 15

3
11
6 3
5 0

2
7
2 2
0 2

2
7
3 3
0 3

2
7
0 0
2 0

5
61
11 2
20 6

2
7
0 1
3 3

4
19
8 0
11 12

5
37
26 31
24 7

5
59
3 24
8 25

2
7
0 1
3 3

3
13
1 0
6 5

4
19
3 2
12 7

2
7
1 0
3 2

4
19
7 1
15 11

4
19
7 6
9 1

3
13
5 7
7 0

4
19
7 7
5 10

5
37
25 29
18 3

3
11
4 2
6 1

3
11
5 3
4 7

5
59
4 12
19 31

3
13
4 5
1 0

2
7
3 0
3 1

2
7
3 3
1 1

2
7
3 0
2 1

2
7
0 3
3 1

5
59
19 11
12 2

3
13
3 4
5 6

2
7
2 2
0 0

4
19
7 2
7 0

5
59
9 12
3 26

5
59
30 3
30 20

3
11
7 6
3 0

3
13
1 3
5 6

4
19
4 14
5 7

3
11
7 7
1 0

3
13
2 3
4 0

4
19
10 7
5 11

5
37
3 24
20 31

2
7
2 3
1 1

2
7
0 3
3 1

2
7
1 2
3 1

3
11
7 4
7 5

4
19
9 6
0 7

2
7
3 1
2 1

2
7
1 3
1 1

3
11
7 6
5 5

5
61
8 23
19 15

5
37
3 4
0 17

4
19
4 13
0 10

3
11
6 6
6 3

5
61
2 26
7 12

3
13
7 4
6 7

3
11
2 4
2 0

2
7
3 2
3 3

5
61
4 16
30 2

3
13
6 5
0 6

2
7
1 1
0 1

3
13
3 0
2 1

2
7
2 2
0 1

2
7
1 2
0 0

5
59
27 25
24 20

4
19
5 13
8 0

4
19
14 15
10 9

5
47
17 20
5 30

4
19
12 14
1 0

4
19
9 5
7 9

5
59
30 16
3 3

4
19
2 6
12 14

3
11
1 7
0 0

2
7
0 2
0 2

2
7
0 0
1 2

3
11
5 2
6 4

3
11
6 5
7 1

2
7
1 2
1 0

4
19
0 1
4 14

5
41
5 13
13 23

3
13
7 2
7 2

5
41
4 28
16 12

2
7
3 1
2 2

5
41
22 30
6 22

2
7
2 2
3 2

4
19
2 4
6 11

5
47
25 17
10 12

5
59
26 8
3 24

2
7
1 1
3 2

3
11
4 2
6 0

2
7
1 0
2 2

3
11
3 7
5 7

5
61
27 17
25 13

2
7
3 3
1 0

3
11
1 2
5 7

3
13
0 4
4 6

4
19
14 3
2 12

2
7
1 0
2 3

5
47
8 20
2 0

2
7
1 3
2 1

2
7
2 1
3 1

5
47
17 13
10 25

3
11
2 4
5 5

3
11
3 3
0 7

5
59
24 26
24 24

5
37
12 8
15 1

5
59
4 22
4 12

2
7
0 3
3 0

4
19
4 4
13 0

2
7
2 2
3 3

2
7
0 3
1 1

4
19
2 3
13 13

3
13
0 3
5 7

3
11
0 3
7 0

4
19
5 13
12 4

4
19
2 14
9 1

5
47
13 7
4 14

4
19
12 11
14 6

4
19
2 4
7 9

5
47
1 29
29 11

3
13
4 5
4 0

5
61
3 29
27 0

4
19
6 12
10 9

4
19
13 10
6 13

3
11
4 0
3 5

2
7
0 2
3 3

3
13
2 7
7 3

4
19
14 0
3 14

2
7
2 3
1 3

5
41
25 20
5 22

2
7
3 0
1 3

3
11
1 4
5 2

4
19
4 5
6 12

2
7
1 3
1 2

2
7
0 3
3 2

4
19
2 13
12 12

2
7
0 0
1 1

4
19
6 14
8 14

4
19
0 5
12 3

5
41
5 30
0 21

5
61
21 8
29 28

5
41
2 2
24 23

3
13
1 5
4 0

3
13
0 5
3 2

5
59
6 28
17 17

5
61
26 6
4 4

2
7
2 3
2 2

3
11
2 0
5 5

5
59
10 15
18 2

5
59
8 5
31 9

3
11
1 1
5 4

3
11
7 0
1 7

4
19
8 15
1 5

4
19
0 8
8 3

2
7
0 3
1 3

4
19
11 10
10 15

4
19
10 2
7 7

4
19
6 8
12 7

2
7
1 2
2 3

5
37
30 31
5 19

2
7
1 0
3 1

2
7
0 0
2 2

2
7
1 3
1 3

5
37
20 3
0 3

3
11
2 3
1 3

4
19
4 11
13 13

2
7
2 0
2 0

4
19
13 11
1 14

3
11
1 0
5 3

4
19
3 10
1 1

5
41
19 26
26 15

5
61
28 17
6 25

2
7
1 1
2 0

3
13
3 6
2 6

2
7
3 2
1 1

5
41
5 15
23 20

5
41
2 11
25 18

2
7
0 1
3 1

4
19
12 3
5 10

2
7
2 1
2 3

2
7
0 3
1 1

2
7
1 2
0 1

2
7
0 1
0 3

4
19
6 8
10 9

5
41
23 1
5 10

5
41
31 10
19 29

5
61
8 24
9 22

3
13
3 3
7 4

5
41
14 24
4 18

4
19
3 14
13 4

4
19
4 10
2 8

5
41
5 15
13 25

2
7
2 0
0 2

4
19
12 8
12 4

2
7
3 2
3 0

2
7
0 0
2 2

5
47
12 9
26 10

5
47
8 5
23 29

2
7
0 3
3 2

5
61
14 13
25 30

2
7
2 2
1 1

2
7
2 1
3 1

3
11
7 2
6 4

5
61
28 2
19 6

5
47
21 7
25 17

2
7
3 1
0 1

2
7
3 2
0 3

5
61
3 26
16 20

5
61
30 14
2 10

2
7
3 3
2 3

3
11
1 2
3 3

3
11
1 4
3 2

4
19
6 13
12 12

5
47
17 3
20 7

4
19
12 0
4 4

4
19
11 8
11 8

5
41
14 24
6 17

3
13
0 4
0 5

4
19
10 4
8 0

4
19
4 8
4 8

5
61
25 5
31 29

2
7
0 3
2 2

2
7
2 1
0 2

4
19
6 9
6 0

4
19
1 15
11 9

4
19
7 6
0 5

3
13
3 6
6 2

2
7
2 3
1 1

2
7
3 1
2 1

5
61
12 5
2 18

2
7
1 1
1 1

2
7
2 3
0 1

3
13
5 0
1 1

4
19
8 11
2 14

2
7
0 3
3 2

3
13
0 4
4 5

2
7
0 3
3 1

5
41
4 18
12 20

4
19
2 2
2 11

3
11
5 6
1 4

4
19
12 9
8 6

4
19
9 7
13 10

3
13
2 6
6 7

3
11
4 0
6 1

5
61
14 29
25 21

3
11
3 3
5 7

3
11
7 5
4 0

3
11
5 7
5 5

4
19
7 12
7 13

2
7
0 0
0 2

2
7
2 0
0 1

2
7
3 3
1 2

4
19
12 2
14 12

2
7
0 0
0 3

3
13
5 2
6 1

2
7
1 0
1 2

5
61
0 11
20 3

4
19
8 2
14 6

2
7
2 2
0 1

4
19
6 3
0 4

4
19
5 6
11 0

3
11
6 6
2 4

2
7
2 0
1 0

5
59
4 12
22 14

4
19
0 9
1 7

5
37
12 3
17 28

4
19
10 5
0 1

4
19
10 4
7 8

4
19
5 5
4 10

5
59
28 5
27 27

5
59
28 20
2 10

4
19
5 2
12 8

4
19
4 14
4 9

2
7
0 3
3 1

2
7
1 0
1 0

4
19
12 6
7 0

2
7
1 0
3 1

4
19
8 3
13 2

2
7
0 3
1 3

2
7
0 3
2 3

3
11
5 3
5 2

3
11
3 3
1 7

4
19
1 1
15 5

5
59
14 4
9 9

2
7
0 3
3 0

4
19
9 0
10 0

2
7
1 2
2 2

3
11
3 0
7 3

5
47
9 2
28 10

5
59
21 4
15 30

5
47
26 11
10 25

2
7
0 0
1 1

5
61
17 18
25 24

2
7
1 3
1 0

4
19
9 2
15 15

2
7
2 0
0 2

2
7
2 2
1 3

3
13
4 4
6 3

5
41
25 9
31 22

4
19
7 15
15 11

3
11
4 2
4 7

4
19
4 4
1 3

3
13
1 4
1 4

2
7
3 1
3 1

2
7
1 3
1 1

3
13
0 5
1 4

2
7
1 2
2 0

2
7
0 2
1 2

2
7
0 2
2 3

2
7
1 1
1 2

3
11
2 5
5 7

5
41
6 9
29 17

5
37
8 18
13 28

2
7
1 2
3 1

3
13
7 1
7 0

5
59
1 28
16 12

3
11
1 4
3 2

4
19
1 10
11 7

5
37
19 1
7 18

5
47
26 19
6 5

3
11
5 5
7 6

4
19
3 15
4 3

4
19
6 6
2 12

5
61
17 22
26 1

2
7
0 0
0 1

5
41
9 9
12 24

3
11
4 2
2 0

5
47
2 9
28 19

4
19
15 8
10 13

4
19
7 11
12 9

2
7
1 3
2 3

2
7
2 1
0 0

4
19
1 4
15 5

3
11
4 3
2 7

5
37
18 23
11 16

3
11
6 1
5 1

3
13
5 1
5 0

5
47
15 16
14 8

2
7
3 1
2 2

4
19
1 6
8 9

4
19
1 0
0 5

5
41
19 20
31 17

2
7
3 2
3 2

5
47
9 9
20 19

2
7
0 1
2 2

2
7
3 1
0 2

2
7
3 3
2 0

3
11
4 0
0 2

2
7
1 2
0 2

2
7
1 0
1 3

4
19
14 0
7 1

5
61
19 10
0 14

2
7
1 2
1 0

2
7
2 0
2 3

5
47
31 7
18 25

3
11
7 4
1 7

4
19
7 14
9 6

2
7
1 2
1 2

3
13
2 4
3 0

2
7
0 0
3 3

4
19
7 1
9 15

4
19
13 13
4 5

5
41
30 18
16 31

5
41
1 26
1 13

3
13
7 4
3 0

3
11
1 2
3 1

4
19
3 11
14 8

5
47
6 27
27 10

3
13
3 6
0 3

3
11
2 0
6 5

5
41
21 19
7 2

5
59
12 27
0 19

5
47
0 13
29 23

2
7
3 3
3 1

4
19
9 11
5 2

2
7
2 2
2 3

5
61
19 3
29 10

2
7
2 1
0 0

3
13
4 5
6 7

2
7
1 3
2 0

2
7
3 3
2 0

4
19
0 15
11 2

3
11
5 7
1 0

2
7
3 3
2 2

4
19
8 0
0 5

4
19
10 11
10 12

4
19
5 3
14 8

4
19
13 14
8 5

5
61
18 11
3 8

3
11
0 3
7 4

3
13
7 5
7 5

3
13
2 6
5 0

2
7
2 3
2 0

2
7
1 0
1 3

3
13
4 2
0 7

5
41
19 26
18 30

2
7
2 0
0 2

4
19
15 1
9 2

2
7
2 1
2 0

3
13
3 2
6 5

5
41
15 4
3 2

2
7
1 3
2 3

5
59
29 8
23 23

4
19
11 8
5 12

4
19
2 12
14 4

4
19
2 15
8 7

4
19
3 0
2 4

2
7
0 2
3 1

2
7
1 1
3 2

2
7
3 2
2 3

5
41
25 0
9 3

3
11
0 3
1 6

4
19
7 15
14 14

3
13
3 4
4 6

3
13
4 2
5 2

2
7
1 2
1 3

2
7
3 0
3 3

3
13
6 5
2 6

2
7
1 0
0 3

3
13
1 7
5 6

2
7
1 1
1 0

3
11
0 0
5 1

4
19
0 6
4 2

2
7
1 2
3 3

3
11
0 2
1 5

2
7
2 1
1 0

3
13
7 5
3 2

5
59
6 18
3 8

2
7
0 3
2 3

3
13
4 2
0 4

4
19
12 15
2 13

3
13
2 4
0 6

5
61
10 4
12 10

4
19
2 6
1 13

2
7
0 3
3 2

3
11
7 3
7 4

5
47
24 15
21 7

4
19
3 2
13 10

3
13
5 0
2 6

3
13
7 7
2 6

5
59
17 26
12 19

5
61
25 15
27 27

3
11
3 6
0 2

4
19
10 3
10 7

5
41
6 24
8 10

4
19
1 3
4 14

5
37
18 13
1 16

5
59
8 24
28 18

5
41
10 2
19 12

2
7
2 3
2 3

4
19
1 15
8 13

5
61
11 25
10 6

5
61
11 22
11 22

5
47
3 1
17 24

4
19
3 11
11 5

2
7
3 2
2 3

3
13
4 2
2 7

3
11
7 7
5 1

5
47
18 18
1 20

3
11
4 6
0 4

4
19
9 2
15 7

5
47
24 22
5 29

2
7
0 2
0 3

3
11
7 7
3 2

4
19
8 5
5 15

5
41
20 18
13 30

4
19
13 1
11 2

3
11
4 6
2 6

3
13
0 2
5 5

3
13
3 1
3 5

5
61
16 19
6 6

3
13
3 2
7 5

4
19
6 0
14 6

2
7
1 2
3 3

3
11
7 0
1 5

5
37
20 22
4 20

2
7
3 1
1 0

2
7
2 2
1 0

5
37
10 16
20 16

3
13
2 7
5 2

5
59
3 13
5 21

4
19
0 12
2 13

4
19
14 8
3 12

4
19
8 1
11 7

2
7
2 1
2 2

2
7
1 0
1 1

5
47
30 8
19 3

4
19
11 6
12 9

2
7
2 0
1 3

4
19
10 9
12 8

5
41
7 28
9 22

5
41
20 29
1 15

4
19
5 5
10 4

4
19
1 15
3 11

4
19
0 0
9 4

2
7
3 1
2 1

2
7
2 3
0 1

2
7
3 3
1 2

4
19
6 6
6 3

3
11
4 6
0 6

3
13
7 1
7 0

2
7
0 0
3 1

3
11
7 1
0 3

5
41
29 12
31 31

2
7
2 1
2 0

2
7
3 1
2 3

4
19
10 11
5 15

3
13
5 1
0 7

3
13
6 6
0 5

5
47
20 6
3 1

3
11
2 1
3 7

5
47
0 21
28 2

5
41
25 18
14 15

4
19
9 7
2 8

3
13
7 5
7 1

2
7
2 1
2 2

5
41
9 16
4 26

3
13
3 7
4 5

5
37
28 3
1 20

3
11
6 4
2 3

3
13
4 2
0 1

4
19
7 15
11 12

2
7
3 3
2 1

5
37
15 10
4 5

4
19
5 0
0 0

2
7
3 3
2 0

2
7
3 3
3 1

3
11
5 1
5 3

2
7
3 3
3 1

3
11
6 0
0 2

5
59
12 21
27 19

3
13
6 1
0 3

4
19
7 2
6 15

3
13
0 0
3 2

5
61
5 9
17 28

2
7
0 0
2 0

2
7
1 0
2 0

5
47
0 26
14 27

3
11
6 4
3 1

2
7
3 3
1 3

5
61
21 7
5 13

2
7
3 2
1 2

5
41
22 2
6 19

4
19
9 12
5 5

4
19
15 9
3 1

4
19
0 11
5 13

4
19
6 7
4 2

2
7
3 3
2 3

4
19
4 1
12 1

4
19
9 11
4 5

4
19
1 1
7 11

5
37
16 21
17 9

4
19
10 7
11 2

3
13
2 0
6 2

5
59
24 1
25 13

4
19
10 13
3 13

3
11
7 3
0 3

4
19
2 3
10 1

2
7
2 3
3 0

2
7
1 1
1 1

5
47
23 2
5 6

4
19
15 2
0 7

3
11
6 5
3 4

2
7
1 1
1 2

5
47
0 8
25 26

4
19
6 15
1 10

2
7
0 0
3 1

5
37
14 19
19 21

3
11
6 3
7 2

3
11
2 1
1 3

2
7
0 2
0 2

3
11
0 6
2 3

2
7
2 2
1 2

4
19
3 3
12 6

2
7
0 2
3 1

4
19
5 7
15 11

4
19
4 11
4 2

5
37
30 4
23 27

5
47
12 22
14 8

2
7
3 3
3 1

2
7
2 3
2 3

4
19
5 6
13 1

5
47
5 20
0 11

3
11
4 3
2 0

2
7
2 2
2 3

5
37
21 22
24 19

2
7
1 0
2 0

5
41
31 7
19 16

4
19
1 3
8 4

5
41
30 0
13 9

2
7
1 1
2 3

2
7
1 2
3 3

3
11
4 1
7 0

3
13
7 4
2 6

3
11
3 5
0 0

2
7
2 2
1 3

4
19
9 11
3 5

2
7
1 0
0 3

4
19
4 3
14 15

3
11
6 4
2 5

5
41
3 25
8 29

4
19
9 12
15 2

4
19
13 15
9 2

3
11
1 1
1 5

3
13
4 5
1 0

4
19
5 14
8 4

5
37
28 27
8 25

2
7
1 3
3 1

5
37
4 0
27 23

5
37
15 24
11 9

5
37
27 6
29 1

4
19
13 11
14 3

4
19
14 12
9 13

4
19
4 6
6 14

2
7
0 2
0 1

2
7
0 1
3 2

5
47
19 11
31 21

3
13
2 7
2 3

2
7
0 3
1 3

4
19
6 7
11 13

3
13
0 2
7 0

2
7
3 3
1 0

4
19
1 10
13 15

5
47
28 28
15 0

2
7
1 2
1 0

3
11
5 0
4 3

3
13
1 3
0 5

4
19
4 3
3 12

4
19
11 7
10 9

5
61
10 13
4 17

2
7
3 0
1 2

4
19
2 14
12 2

5
37
14 7
0 22

4
19
5 0
1 12

3
13
7 3
5 5

4
19
12 6
8 11

4
19
1 10
9 9

4
19
5 12
6 15

3
13
1 3
0 4

2
7
2 2
1 2

4
19
12 5
10 13

4
19
0 1
13 13

3
11
6 4
1 7

4
19
11 11
4 5

4
19
14 1
5 0

4
19
5 4
11 1

4
19
15 9
4 9

4
19
4 11
2 0

5
47
26 13
31 1

5
59
16 9
18 23

3
13
2 6
6 0

3
13
3 5
2 6

5
47
23 14
23 27

3
13
6 1
1 1

4
19
7 10
15 13

3
11
1 6
7 7

4
19
4 0
0 4

2
7
3 0
1 3

3
13
5 5
3 5

4
19
8 6
11 11

4
19
4 6
5 0

4
19
5 7
6 5

2
7
0 1
3 2

3
11
4 5
2 6

2
7
2 1
2 3

2
7
2 2
0 3

3
11
0 6
4 1

2
7
2 2
2 1

3
13
4 0
5 5

4
19
13 15
2 3

2
7
1 2
1 1

2
7
0 0
3 2

5
37
4 25
0 1

4
19
12 0
5 3

4
19
13 1
11 15

4
19
10 0
7 1

2
7
0 2
0 3

4
19
3 0
3 10

4
19
13 12
15 3

4
19
9 14
13 10

2
7
0 1
3 3

3
11
3 6
7 5

3
11
1 6
5 6

5
41
25 7
20 12

3
13
4 2
2 5

5
47
18 11
23 14

4
19
7 7
10 8

2
7
2 0
0 3

4
19
10 14
11 10

2
7
1 2
2 2

2
7
0 2
3 2

4
19
3 14
4 3

2
7
2 3
2 2

2
7
3 2
0 3

2
7
0 1
2 0

5
59
26 22
21 16

2
7
2 0
3 2

5
41
17 6
22 20

2
7
2 3
0 3

5
59
11 11
4 20

5
37
23 24
1 14

2
7
0 1
0 1

4
19
15 12
15 4

5
47
6 0
20 1

2
7
2 3
1 1

5
59
18 16
5 14

3
11
2 3
2 1

3
11
6 6
2 2

5
59
0 0
22 21

5
47
20 7
18 25

3
13
2 2
4 1

4
19
2 4
1 13

4
19
15 3
5 8

3
13
2 4
6 5

3
11
1 0
4 4

3
13
7 2
0 3

2
7
0 3
3 1

3
13
6 6
6 6

2
7
0 2
0 2

4
19
1 1
3 15

2
7
2 0
1 2

4
19
4 6
6 9

5
61
4 12
8 31

3
13
1 7
1 7

4
19
5 12
12 0

2
7
3 3
2 0

4
19
1 9
14 4

2
7
0 0
2 3

3
11
0 1
0 2

2
7
0 0
0 3

3
13
3 5
7 7

4
19
6 2
3 2

5
37
28 25
16 14

3
13
2 7
4 6

2
7
3 3
0 3

4
19
13 12
15 5

4
19
8 0
1 10

4
19
9 13
8 10

3
11
0 5
4 2

3
11
0 0
0 5

2
7
0 2
2 2

4
19
6 3
2 11

4
19
6 12
7 2

3
11
6 1
3 0

2
7
0 1
3 3

3
11
4 7
4 1

5
41
31 22
26 6

2
7
2 3
0 3

3
11
0 3
2 2

4
19
9 14
4 1

4
19
8 4
15 8

5
41
26 14
4 28

4
19
9 3
1 0

5
37
17 18
3 19

4
19
14 1
12 4

5
37
25 24
3 21

5
61
5 26
0 15

2
7
0 3
0 1

4
19
3 6
11 4

4
19
1 8
15 8

3
11
6 4
2 4

5
41
8 17
9 12

2
7
1 1
3 1

4
19
12 2
14 1

3
13
3 0
7 7

4
19
2 9
0 0

4
19
4 2
15 12

2
7
3 0
1 2

4
19
14 12
0 13

3
11
0 6
1 3

5
37
23 26
4 17

5
37
29 2
11 30

4
19
9 3
5 0

2
7
3 2
1 1

5
59
4 21
2 12

2
7
2 2
3 1

4
19
8 15
5 15

5
59
21 13
23 12

2
7
3 0
3 0

2
7
0 0
0 2

2
7
2 0
0 1

2
7
1 2
0 3

2
7
1 2
0 3

5
47
22 14
15 30

4
19
11 11
2 6

2
7
1 2
0 1

5
37
6 6
28 10

3
13
4 0
6 1

4
19
11 12
9 2

4
19
14 2
6 4

3
11
2 7
5 2

2
7
3 0
1 3

2
7
1 0
2 2

2
7
1 3
1 2

3
11
3 1
6 0

4
19
6 7
14 14

3
13
5 0
5 4

3
13
4 4
1 6

2
7
3 0
0 1

5
59
0 6
9 8

2
7
3 3
2 3

2
7
0 0
0 0

2
7
1 1
2 2

4
19
1 2
0 8

5
41
6 30
2 7

4
19
3 2
11 13

2
7
2 3
1 0

5
61
19 14
23 24

2
7
0 3
0 3

2
7
0 0
0 2

5
61
15 8
24 30

5
37
10 6
8 24

3
11
1 7
7 4

2
7
0 1
3 3

5
59
29 30
0 2

3
11
7 2
4 1

2
7
1 1
1 2

3
11
0 7
3 4

5
41
9 24
28 12

5
47
14 14
13 22

2
7
0 1
1 2

2
7
0 2
0 1

2
7
3 0
1 2

2
7
1 2
0 2

5
47
18 27
16 14

3
13
2 2
0 1

4
19
6 4
9 7

3
13
5 0
1 4

4
19
11 2
14 3

5
47
5 28
23 25

5
47
6 26
16 6

4
19
7 15
7 10

5
47
10 23
12 6

3
11
1 5
7 3

4
19
10 9
12 8

3
11
7 3
3 0

4
19
4 1
11 12

5
47
5 6
29 0

4
19
7 11
9 6

4
19
1 8
5 2

2
7
2 1
1 0

2
7
1 3
3 2

5
47
12 7
28 5

4
19
2 4
4 0

2
7
3 2
1 3

3
11
4 1
4 4

2
7
2 2
3 2

5
61
14 29
9 15

5
41
3 18
3 14

3
13
3 7
5 6

2
7
3 0
2 3

3
11
4 7
4 6

3
13
3 2
0 2

3
11
5 7
2 2

4
19
9 0
14 8

2
7
1 2
0 1

4
19
3 0
1 3

3
13
0 2
1 0

3
11
5 5
1 1

2
7
2 0
1 2

2
7
0 1
1 3

5
59
2 12
13 13

5
41
3 1
25 30

5
61
24 31
19 18

3
11
1 5
3 7

3
11
2 5
0 3

5
47
28 25
7 27

3
13
0 4
2 4

5
59
15 2
20 1

5
41
2 1
29 2

4
19
0 3
0 2

4
19
1 14
6 9

4
19
9 8
8 9

5
59
23 20
13 5

