0 1
13 19

2 1
1 4

12 12
30 28

12 27
14 25

12 4
8 2

2 3
1 1

5 5
10 1

1 11
6 1

2 1
2 6

7 5
15 0

0 0
0 0

2 1
0 1

3 2
0 1

4 2
1 3

3 8
3 6

0 0
0 0

0 0
0 0

20 27
24 8

0 0
0 0

9 10
5 7

21 15
12 9

3 1
3 3

5 2
13 9

0 0
0 0

10 6
9 11

6 2
4 1

1 3
3 1

8 15
25 5

3 31
28 13

4 3
1 3

7 0
6 6

2 25
23 11

10 19
29 31

0 0
0 0

13 8
2 2

1 7
1 5

7 4
8 1

1 7
11 13

0 0
0 0

1 3
2 2

5 7
12 11

0 0
0 0

0 0
0 0

0 1
1 2

31 14
3 4

18 18
24 22

26 20
1 27

0 0
0 0

1 1
0 1

3 0
1 2

6 25
14 12

3 4
0 5

0 18
29 18

23 6
6 23

0 0
0 0

24 27
22 25

0 0
0 0

1 2
3 1

3 10
14 8

4 2
2 6

5 7
0 2

6 4
2 4

2 1
3 3

7 3
7 4

6 5
4 0

0 0
0 0

3 2
1 1

0 0
0 0

28 18
20 10

0 1
3 1

7 6
3 5

4 7
16 18

13 10
0 11

15 13
5 12

1 2
0 3

0 0
0 0

2 2
0 7

0 0
0 0

1 3
0 2

13 28
11 30

0 0
0 0

0 0
0 0

21 27
23 20

4 15
3 3

4 4
7 4

8 31
12 21

6 5
8 15

10 13
9 15

0 0
0 0

13 1
1 13

1 0
2 6

13 8
7 2

3 9
5 7

2 3
0 2

18 5
7 19

5 6
2 4

5 0
3 6

2 3
3 2

0 0
0 0

3 1
0 1

0 0
0 0

1 7
13 7

6 8
3 1

0 0
0 0

12 12
8 4

2 2
2 3

11 16
17 19

5 13
14 4

0 0
0 0

0 3
2 3

5 4
2 7

2 0
1 1

1 1
1 2

14 10
14 3

3 27
15 18

2 2
5 9

0 0
0 0

3 2
1 0

2 21
26 8

3 0
0 1

8 23
11 0

5 16
3 23

8 8
3 6

6 3
1 3

0 0
0 0

1 0
1 2

2 13
9 10

0 2
1 1

3 12
3 4

0 2
6 4

3 3
0 3

2 2
0 2

0 0
0 0

26 29
27 3

1 2
1 0

15 0
13 10

28 19
15 7

28 13
18 8

1 2
1 0

1 0
5 7

10 1
6 8

1 0
2 3

1 5
6 8

13 8
15 5

0 5
5 4

4 8
2 8

6 31
1 23

6 7
2 5

7 3
4 5

4 9
13 7

0 1
7 6

2 0
1 1

0 0
0 0

2 0
3 1

3 2
2 0

26 9
17 16

7 1
2 5

0 0
0 0

0 6
9 9

12 9
17 1

1 24
28 28

0 6
3 7

7 5
2 3

3 6
4 14

0 1
4 1

0 3
4 2

13 2
9 1

27 21
13 6

1 3
1 2

3 2
2 0

0 0
0 0

2 6
1 1

2 14
0 6

1 1
2 3

3 2
3 3

1 7
1 5

26 5
10 30

28 5
0 24

13 4
0 12

1 2
2 2

26 25
5 16

0 0
0 0

0 5
7 7

1 3
1 1

0 0
0 0

2 3
0 2

1 1
0 1

4 0
5 1

3 1
0 1

0 0
0 0

23 3
26 10

0 15
4 11

11 6
4 3

2 25
26 3

0 1
3 7

12 1
4 12

21 14
21 24

14 6
12 2

0 0
0 0

0 0
0 0

0 0
0 0

3 4
7 1

0 0
0 0

0 1
3 3

10 13
1 0

21 20
20 31

0 0
0 0

14 1
15 29

3 2
3 1

19 11
10 19

1 1
2 1

14 12
10 6

2 16
3 9

5 3
9 11

2 1
3 1

0 3
5 6

1 0
1 3

3 3
6 2

17 21
12 5

0 1
2 1

2 6
4 3

4 3
3 0

6 8
1 7

1 0
3 2

0 23
15 19

0 0
0 0

1 1
3 2

17 12
25 6

3 5
3 7

6 4
0 4

29 17
29 29

31 3
20 16

13 30
18 18

0 2
2 0

0 4
13 4

0 0
0 0

2 1
2 0

1 12
1 8

5 7
4 0

0 4
6 0

1 14
3 12

11 8
12 5

20 10
1 31

1 4
12 2

8 12
9 6

21 16
16 6

0 3
7 7

0 11
9 1

13 6
5 3

8 9
7 8

7 0
4 2

3 2
3 0

5 4
4 6

3 0
15 3

2 2
3 1

3 24
6 9

2 0
3 2

0 0
0 0

8 6
4 9

2 3
1 1

1 2
2 0

8 7
8 13

0 0
0 0

3 3
14 13

6 10
11 0

8 4
0 25

3 27
22 13

29 31
9 31

0 3
7 4

1 4
7 0

18 12
18 11

24 20
24 27

1 2
1 1

5 0
5 2

6 17
13 30

23 25
17 29

4 1
5 1

4 0
6 4

5 15
1 8

13 15
15 0

1 1
2 0

6 4
4 1

15 8
15 14

8 14
9 13

0 0
0 0

8 2
21 17

1 0
3 1

0 0
0 0

0 0
0 0

30 30
0 28

6 6
2 4

8 15
8 11

0 0
0 0

14 11
1 13

1 0
3 6

2 7
2 6

14 31
31 7

25 17
6 28

0 3
1 3

1 1
4 6

1 2
1 3

1 30
7 10

31 29
2 6

2 2
1 0

13 5
15 7

1 2
3 3

2 1
2 0

1 2
0 1

0 0
0 0

5 15
8 9

24 27
12 29

9 17
18 12

6 18
30 14

6 4
2 4

30 14
26 10

15 12
5 9

8 10
2 4

10 7
25 26

3 0
0 3

6 12
10 10

0 2
3 3

0 0
0 0

14 22
29 17

30 9
12 13

1 2
2 0

30 13
25 14

0 0
0 0

1 1
3 2

7 6
1 2

10 6
8 25

15 24
18 22

2 2
0 1

2 1
0 2

16 17
25 23

23 10
16 4

1 1
3 1

6 4
6 2

4 3
6 2

5 1
5 11

16 27
8 10

10 0
10 13

0 0
0 0

24 29
13 6

0 0
0 0

0 15
13 3

0 0
0 0

1 16
19 24

2 3
2 0

3 2
0 3

0 7
2 2

6 8
13 12

6 4
0 11

3 5
5 4

1 3
1 2

1 1
2 3

21 26
22 14

0 0
0 0

3 2
0 1

7 0
7 1

6 2
7 15

1 2
2 0

6 3
3 0

3 2
2 0

4 29
27 9

11 2
2 2

1 4
7 6

14 6
10 15

0 0
0 0

0 0
0 0

7 0
4 1

25 6
23 24

2 5
4 5

0 7
2 6

5 7
5 5

8 14
1 1

0 0
0 0

3 0
0 1

1 2
3 2

0 0
0 0

0 0
0 0

3 6
7 2

1 0
3 3

13 3
27 0

14 11
4 10

3 1
0 1

7 15
0 13

0 5
7 14

2 3
1 3

0 0
0 0

2 27
15 9

14 1
2 0

29 6
7 24

12 9
0 1

0 0
0 0

6 3
13 3

30 29
30 24

12 24
21 1

7 5
13 1

4 9
6 6

3 2
2 0

0 0
0 0

0 6
7 12

1 0
3 1

12 10
8 5

1 1
2 0

3 3
2 0

4 6
1 1

7 3
1 3

9 12
8 12

16 6
16 9

0 2
2 0

0 0
0 0

2 2
2 1

6 0
5 6

13 10
29 2

28 27
14 9

27 18
5 13

0 0
0 0

22 6
12 21

0 1
2 2

5 15
5 7

3 0
0 3

1 3
2 3

1 7
2 7

23 20
3 30

14 2
2 9

6 1
2 2

2 9
15 9

0 0
0 0

0 0
0 0

3 2
3 3

6 1
7 0

0 3
3 2

1 1
3 0

1 3
3 0

3 2
2 2

6 7
7 1

21 28
5 8

24 20
27 7

0 0
0 0

0 5
1 1

22 12
26 8

4 3
6 2

4 2
9 11

19 3
9 16

18 21
28 16

7 1
5 1

13 12
14 13

6 3
1 3

12 28
11 5

0 0
0 0

21 2
30 2

0 5
5 1

9 18
23 4

7 1
12 10

3 15
14 1

2 2
1 3

0 0
0 0

4 14
12 10

1 7
3 6

24 14
28 27

6 6
3 2

0 7
1 1

5 10
13 20

3 2
3 1

5 9
15 10

1 0
0 11

20 16
17 6

0 0
0 0

8 16
29 16

1 3
1 0

2 1
0 3

0 3
2 3

7 0
0 5

1 1
0 3

1 0
2 2

3 0
9 1

22 3
0 13

0 1
3 3

3 0
2 2

16 11
21 23

1 6
4 1

1 12
10 6

0 0
0 0

0 4
3 2

0 0
0 0

14 9
13 10

7 1
3 1

11 30
19 25

24 25
19 19

0 4
3 7

4 3
7 4

9 8
11 1

10 27
27 6

4 5
0 4

5 0
6 2

2 19
7 21

24 9
0 4

25 18
6 0

1 3
3 3

0 0
0 0

2 1
1 1

25 14
24 2

0 0
0 0

5 4
3 2

0 3
2 1

0 3
2 3

15 5
8 0

0 1
4 2

0 0
0 0

15 0
0 11

4 8
6 6

12 11
9 14

1 8
7 6

19 18
1 14

2 4
6 0

0 0
0 0

0 7
2 6

0 3
2 2

1 0
2 2

3 4
0 5

19 18
16 26

3 0
0 3

9 13
15 7

0 3
1 1

3 5
2 1

11 22
26 9

2 2
1 3

14 5
14 25

4 9
3 8

14 1
6 7

13 1
12 3

14 0
7 13

1 2
3 0

2 1
3 1

3 2
2 3

21 0
16 24

2 1
6 0

15 13
15 14

0 0
0 0

1 1
4 2

3 2
1 1

2 0
2 2

7 2
6 7

1 0
0 2

4 1
6 5

0 1
1 1

0 0
0 0

10 13
7 0

2 1
2 3

7 1
5 0

0 1
1 2

2 5
3 7

21 7
29 1

3 3
2 0

3 7
0 3

4 2
6 7

6 4
0 2

8 9
27 8

2 5
8 3

1 2
2 0

5 1
4 4

3 25
9 1

11 9
14 4

7 0
6 2

1 3
4 3

22 10
16 7

19 25
19 18

6 1
0 5

9 5
13 13

1 27
9 24

7 8
2 9

18 8
23 25

12 26
8 31

1 12
17 21

0 0
0 0

11 12
15 10

9 4
27 6

0 0
0 0

16 27
30 2

8 4
4 9

3 2
2 3

5 1
1 2

1 7
5 7

10 9
23 9

7 1
0 7

1 12
4 3

10 12
7 13

0 0
0 0

3 1
7 1

5 3
3 9

16 10
20 7

1 9
12 15

3 3
1 2

6 7
6 0

5 1
3 3

20 16
20 26

5 2
7 3

7 0
2 7

2 1
2 3

4 0
3 2

31 5
17 31

0 1
1 3

0 1
3 1

20 20
17 26

3 2
1 3

13 9
28 29

12 9
10 0

10 12
11 9

6 7
4 13

2 1
2 2

1 0
1 1

23 25
10 5

13 3
6 12

3 0
1 2

3 1
11 7

24 3
11 30

27 24
26 13

13 3
6 3

5 13
6 2

0 0
0 0

1 1
2 3

3 2
0 1

1 2
3 2

12 11
11 11

7 7
0 3

0 5
1 1

0 0
0 0

4 5
0 6

18 4
18 11

0 3
1 1

0 0
0 0

9 10
7 14

7 1
0 5

2 7
0 7

10 19
30 27

2 3
5 6

22 4
9 0

0 0
0 0

10 2
11 6

2 7
3 3

2 1
2 2

24 21
15 3

2 4
1 5

31 23
13 24

4 2
1 3

3 6
0 1

12 15
11 7

3 2
1 2

12 24
19 20

0 0
0 0

0 3
2 3

1 3
3 3

3 1
5 5

1 3
3 3

3 0
0 5

11 15
18 8

2 5
0 4

4 12
7 1

0 0
0 0

28 9
17 5

0 0
0 0

0 0
0 0

16 8
3 0

1 4
3 6

3 3
1 3

8 11
31 12

3 3
2 1

10 31
8 6

11 6
11 13

6 3
10 4

13 11
5 0

15 12
13 2

1 1
3 1

15 15
8 9

5 11
4 9

2 10
3 10

17 8
21 27

15 12
8 6

6 0
7 6

0 0
0 0

2 2
11 15

4 4
0 6

8 11
15 3

0 2
2 1

0 0
0 0

15 5
31 29

8 10
0 6

4 5
3 6

3 2
2 2

20 11
14 0

3 11
7 1

0 0
0 0

0 0
0 0

4 6
5 7

7 4
4 3

0 0
0 0

7 5
3 0

2 2
1 2

11 12
5 12

1 2
3 0

13 2
8 9

1 12
2 2

11 28
10 16

26 7
6 23

1 3
3 3

0 0
0 0

4 11
1 7

19 21
0 25

0 5
6 7

2 1
1 1

5 27
26 17

0 0
0 0

14 19
10 26

6 11
12 8

27 0
23 11

3 1
2 1

2 1
2 3

0 4
1 6

0 0
0 0

0 0
0 0

1 3
2 3

1 9
14 12

1 0
0 2

10 2
5 9

0 0
0 0

7 1
12 22

4 11
13 1

12 4
3 8

6 7
7 7

0 1
7 6

12 1
11 15

23 19
16 29

2 1
1 2

9 0
6 5

4 25
1 11

27 16
18 2

13 2
6 11

11 1
5 6

4 14
14 5

0 0
0 0

3 2
1 0

22 28
16 20

4 2
3 3

1 1
2 0

11 3
2 9

0 5
6 0

0 1
2 1

7 11
14 13

0 20
4 20

0 1
3 3

2 0
1 6

1 4
0 7

0 0
0 0

4 13
15 7

19 3
15 7

2 0
1 3

0 0
0 0

6 4
0 8

11 0
2 10

3 1
3 6

3 4
1 8

5 8
5 10

10 8
4 6

1 5
0 3

2 2
1 2

8 13
9 14

1 4
1 0

0 0
0 0

2 1
7 1

0 11
1 8

8 6
7 14

5 5
14 12

0 9
5 10

29 18
19 11

19 4
8 6

0 2
2 5

0 0
0 0

28 30
9 9

5 5
5 4

9 7
13 14

4 2
4 6

13 0
0 13

2 0
3 2

2 2
5 2

3 4
3 1

0 11
7 3

3 12
2 3

3 2
1 0

4 6
5 1

1 2
3 3

3 2
0 2

2 7
3 0

1 2
2 2

3 0
3 7

6 13
4 9

2 3
2 2

0 0
0 0

9 15
0 1

10 0
13 14

12 10
2 11

12 0
2 1

0 0
0 0

14 0
12 12

13 1
12 11

15 9
2 4

1 2
1 0

0 0
0 0

7 7
1 2

22 4
19 10

6 7
7 3

12 7
31 20

11 9
13 9

3 0
0 2

0 0
0 0

2 2
2 1

2 2
3 0

2 5
9 2

1 2
1 1

2 1
0 2

0 3
1 0

26 17
9 7

3 0
1 3

31 9
24 6

3 3
0 2

26 10
28 10

15 2
7 10

0 0
0 0

4 12
15 15

13 0
6 1

1 3
1 2

27 19
21 22

7 2
5 5

0 0
0 0

0 0
0 0

17 21
15 29

5 7
3 7

1 3
4 8

11 5
15 2

1 6
5 3

1 0
1 7

5 6
0 4

3 2
2 0

0 0
0 0

0 0
0 0

12 10
13 10

3 0
2 3

12 15
15 10

20 19
9 26

0 0
0 0

0 10
10 14

0 3
2 3

13 7
11 14

0 0
0 0

0 0
0 0

0 0
0 0

2 1
2 4

11 11
7 14

13 24
1 26

4 1
3 7

2 2
0 2

12 3
7 14

15 0
8 12

9 8
5 3

1 7
2 0

0 0
0 0

3 3
3 0

5 6
4 12

6 7
9 10

0 6
1 2

1 2
1 0

2 5
3 3

0 0
0 0

3 3
0 2

6 5
6 0

13 10
1 15

7 10
3 7

3 21
14 10

0 1
14 7

11 26
22 12

4 1
12 14

25 30
24 22

12 17
0 4

0 0
0 0

13 2
8 1

3 3
13 2

7 7
6 1

9 3
17 14

3 3
2 3

14 15
11 4

4 0
4 5

0 0
0 0

8 13
10 9

2 0
1 3

3 15
0 4

5 1
3 0

26 13
2 25

15 1
23 28

0 11
14 4

1 2
1 3

15 3
31 5

2 3
1 3

4 4
13 5

26 19
14 28

0 0
0 0

0 0
0 0

3 0
0 1

1 3
0 2

1 3
0 2

12 15
6 26

14 13
11 13

1 2
0 1

24 8
22 8

3 0
7 1

15 4
7 8

4 2
6 14

1 6
7 1

2 0
3 2

1 0
1 3

2 3
1 1

0 3
1 5

1 9
1 10

7 0
3 3

1 5
2 5

2 0
0 1

20 15
11 0

1 1
3 1

0 0
0 0

0 0
0 0

1 13
0 15

1 23
19 28

13 2
11 3

0 1
2 3

6 29
20 21

0 0
0 0

0 0
0 0

9 30
31 26

22 23
17 28

6 1
1 4

1 2
1 0

2 30
0 29

7 5
1 3

3 2
2 2

2 6
4 0

3 6
7 8

10 22
2 22

2 1
1 0

0 0
0 0

2 0
1 3

1 1
0 3

9 1
24 27

6 1
0 1

12 13
7 2

7 0
4 3

3 2
14 11

27 14
28 21

6 26
16 6

12 10
11 11

25 19
29 4

6 1
5 2

3 1
11 7

0 6
6 5

7 3
14 12

0 18
13 27

11 10
2 15

7 15
4 10

0 1
1 2

0 0
0 0

8 30
9 5

0 13
13 15

0 0
0 0

2 5
2 2

1 1
2 1

6 25
17 30

12 20
13 13

1 3
7 6

2 0
1 2

4 3
1 1

4 4
0 6

5 3
5 6

2 0
10 15

1 2
0 1

14 0
11 14

0 1
6 0

0 0
0 0

3 0
2 3

3 1
1 0

21 19
21 12

18 17
30 26

21 16
30 28

4 3
1 6

5 4
0 6

29 21
28 1

6 6
3 0

23 21
24 10

3 21
7 3

0 0
0 0

11 3
13 5

9 8
8 9

12 11
5 15

